0.000000000 0.000000000 0.000000000 0.000000000
0.099998951 0.384165691 0.734803966 0.000858252
0.199996948 0.768331281 1.469607958 0.001716399
0.299995899 1.152496769 2.204411979 0.002574435
0.399993896 1.536662156 2.939216028 0.003432365
0.499992847 1.920827441 3.674020104 0.004290186
0.599990845 2.304992625 4.408824208 0.005147900
0.699989080 2.689157707 5.143628339 0.006005507
0.799988031 3.073322688 5.878432497 0.006863004
0.899986029 3.457487567 6.613236685 0.007720395
0.999984980 3.841652345 7.348040898 0.008577677
1.099982977 4.225817021 8.082845140 0.009434853
1.199981928 4.609981596 8.817649408 0.010291919
1.299979925 4.994146070 9.552453707 0.011148878
1.399978876 5.378310442 10.287258031 0.012005730
1.499999046 5.760182522 11.019097484 0.013171471
1.599976063 6.146638882 11.756866763 0.013719107
1.699950933 6.534498221 12.502903306 0.014258990
1.809952021 6.963197394 13.334394797 0.016042130
1.909949064 7.357779170 14.098101467 0.019999699
2.009958029 7.754513598 14.868926041 0.026589275
2.119932890 8.197088737 15.720631007 0.031957772
2.219994068 8.598753766 16.503142187 0.034656072
2.330066919 9.045839346 17.365955908 0.036293481
2.430091858 9.451629657 18.154677871 0.038289596
2.529906034 9.861417662 18.946646249 0.041567312
2.639841080 10.312430139 19.825361115 0.049521384
2.739837885 10.725382255 20.627902453 0.057475615
2.839859009 11.142238791 21.435132378 0.060287485
2.949884892 11.603607245 22.326987751 0.057567537
3.049788952 12.025840648 23.140597143 0.050781322
3.159781933 12.494603950 24.042341062 0.042293198
3.259768963 12.924170955 24.866163316 0.038039608
3.359770060 13.357721158 25.694551426 0.040743865
3.469825029 13.837893045 26.609671828 0.045621899
3.569746971 14.275348152 27.444350368 0.049248989
3.669749022 14.718086861 28.279311186 0.046322275
3.779718876 15.203821264 29.202308208 0.035994405
3.879706860 15.643860106 30.048052579 0.029351837
3.979726076 16.092675769 30.914922695 0.037639727
4.089679003 16.604867695 31.911242298 0.074857321
4.189667940 17.062623707 32.806147913 0.100463449
4.299654961 17.566474606 33.791929145 0.126442650
4.399627924 18.020088291 34.677617135 0.141275800
4.499672890 18.473188997 35.568230843 0.158412846
4.609637022 18.960820178 36.537892503 0.161930712
4.709630013 19.404338377 37.421244635 0.165502441
4.809609890 19.845866463 38.293813027 0.162169485
4.919666052 20.326338421 39.252299793 0.161864596
5.019671917 20.764420597 40.114026640 0.168617464
5.119600058 21.202667977 40.973306202 0.174622521
5.229562044 21.678701932 41.917179609 0.182473060
5.329581022 22.105028312 42.771283173 0.184594524
5.439712048 22.571752747 43.707097510 0.182442684
5.539546013 22.997643697 44.553222939 0.183533938
5.639489889 23.424307068 45.397837785 0.195496946
5.749491930 23.890075267 46.322385920 0.203323957
5.849454880 24.311510789 47.159618209 0.206734194
5.949708939 24.731791094 47.992792836 0.206398296
6.059471846 25.196966495 48.904800699 0.204611896
6.159710884 25.615725465 49.732024801 0.204802192
6.269531012 26.075687640 50.640106532 0.206067290
6.369431019 26.487302394 51.466955193 0.203007213
6.469537020 26.894183577 52.291213716 0.196178125
6.579403877 27.342134509 53.186409113 0.186571036
6.679368019 27.747583474 53.988250742 0.172852523
6.779391050 28.149050827 54.781941975 0.166381896
6.889417887 28.578433970 55.650072274 0.167890717
6.989460945 28.964599998 56.426170533 0.177136608
7.089454889 29.343314321 57.191025408 0.185421213
7.199307919 29.753074891 58.019199878 0.187319180
7.299335003 30.117856331 58.761533701 0.190095398
7.409278870 30.512429445 59.565749008 0.195289307
7.509335041 30.865556452 60.285332530 0.199499898
7.609281063 31.213002709 60.994559344 0.201284369
7.719409943 31.586478014 61.762912572 0.204227709
7.819370985 31.918893605 62.451930238 0.207293987
7.919367075 32.249718938 63.124916354 0.211565784
8.029280901 32.597109990 63.849718851 0.211701760
8.129214048 32.904886244 64.491612422 0.209435417
8.239210844 33.233122307 65.180105718 0.206001114
8.339187860 33.521306442 65.789956916 0.209754633
8.439350843 33.799614783 66.381687936 0.223495199
8.549237967 34.098058634 67.009874954 0.244567055
8.649167061 34.362467876 67.561914736 0.253966854
8.749141932 34.621871373 68.098797918 0.261482320
8.859192848 34.897006288 68.674228346 0.271064797
8.959306002 35.137246625 69.185506592 0.282036650
9.059088945 35.370994937 69.683331490 0.296525784
9.169090033 35.627426083 70.214602055 0.311151705
9.269105911 35.863913853 70.681187497 0.327426352
9.379086971 36.117297803 71.183293693 0.346012171
9.479193926 36.341356973 71.627938724 0.351956845
9.579028845 36.555717831 72.065725276 0.356513064
9.689017057 36.794905402 72.531470672 0.361091674
9.789104939 37.019430269 72.935912100 0.364381660
9.899051905 37.271322773 73.363520887 0.371287516
9.999028921 37.506729244 73.739826603 0.376408749
10.099005938 37.748715620 74.106973761 0.380171985
10.208976984 38.025422381 74.497083630 0.381249170
10.308933020 38.286198498 74.840086308 0.379053957
10.408984900 38.557978395 75.166502134 0.378804340
10.519186974 38.868758450 75.505671975 0.378775559
10.618916035 39.161751676 75.793748595 0.377274989
10.728935003 39.495990690 76.088773414 0.372180610
10.828952074 39.811067819 76.332909614 0.364393753
10.928992987 40.135683014 76.555471760 0.355775465
11.038919926 40.503995364 76.771809095 0.349361847
11.138859034 40.846655440 76.943592794 0.347801197
11.248852015 41.232829711 77.108504978 0.346911715
11.348855019 41.595532393 77.232459454 0.341941126
11.449044943 41.963041738 77.334240847 0.334804006
11.558826923 42.374181504 77.415118261 0.325042315
11.658807993 42.748337996 77.464417415 0.318737344
11.768800974 43.160932160 77.497516161 0.312188147
11.868788958 43.540434607 77.510470482 0.303693899
11.968833923 43.921253935 77.502787213 0.294902324
12.078788996 44.333600994 77.467205292 0.287590951
12.178753853 44.710268443 77.410017761 0.282576509
12.278758049 45.083484388 77.341377776 0.277073927
12.388776064 45.500141959 77.262464730 0.266375519
12.488914967 45.881203152 77.184319720 0.259827722
12.588718891 46.260648855 77.090541463 0.258819041
12.698705912 46.682145455 76.965161049 0.255849659
12.798728943 47.066124458 76.833920267 0.251507299
12.898647070 47.457676903 76.684885185 0.228404393
13.008714914 47.896944631 76.516988719 0.202722591
13.108687878 48.307473664 76.355817568 0.197205382
13.208651066 48.725662211 76.181890071 0.206382451
13.318736076 49.189686685 75.974623485 0.215399315
13.418693066 49.617802359 75.773103188 0.219617460
13.528671026 50.096263469 75.537515251 0.219097726
13.628613949 50.543204178 75.311130137 0.217487084
13.728597879 51.000926839 75.074867360 0.216044280
13.838572025 51.516969193 74.802956423 0.212999209
13.938761950 52.001426697 74.546462223 0.206917664
14.038528919 52.500021445 74.280802132 0.199134707
14.148519993 53.065758115 73.974847856 0.194510182
14.248537064 53.588356133 73.681308302 0.189183905
14.348525047 54.127729951 73.380700041 0.185009549
14.458584070 54.733465097 73.035192965 0.179744076
14.558480024 55.297129606 72.712743904 0.175172903
14.668552876 55.928649734 72.344963213 0.168289881
14.768471956 56.520856448 72.005372635 0.161895084
14.868442059 57.127497518 71.660886303 0.155988423
14.978478909 57.810863928 71.273679508 0.149699998
15.078418016 58.450732007 70.922138920 0.149453960
15.178443909 59.103776984 70.566891195 0.148681329
15.288397074 59.840206789 70.174566182 0.144955664
15.388433933 60.517613892 69.816859290 0.140100918
15.498441935 61.273853798 69.423111048 0.134696404
15.598419905 61.967339361 69.066912102 0.130588973
15.698389053 62.668512472 68.711746449 0.123254126
15.808345079 63.442358007 68.317860040 0.119428399
15.908336878 64.147403824 67.958763892 0.126360321
16.008396864 64.852733848 67.600290789 0.138754781
16.118357897 65.626335155 67.204069275 0.148692176
16.218410969 66.329216281 66.842283420 0.158141543
16.318321943 67.030243819 66.479927029 0.170032247
16.428436041 67.801805347 66.085049537 0.177962784
16.528280973 68.500857443 65.727296735 0.184161728
16.638275862 69.270935623 65.334757544 0.192725273
16.738226891 69.968287416 64.975694419 0.202082615
16.838232040 70.665495967 64.614918302 0.213690552
16.948328018 71.429705441 64.211993986 0.224558014
17.048212051 72.117629805 63.841609322 0.231283136
17.148244858 72.800263513 63.468218267 0.235170117
17.258167028 73.544780406 63.048756107 0.239506881
17.358165979 74.214619217 62.663842355 0.246361761
17.468339920 74.944033495 62.235987530 0.254055500
17.568140030 75.600355304 61.839396077 0.257034724
17.668153048 76.249001011 61.436968661 0.259502834
17.778146029 76.953084999 60.991247920 0.262573323
17.878079891 77.585105816 60.580803855 0.264225175
17.978110075 78.207331476 60.167527392 0.265945749
18.088069916 78.879280365 59.710207538 0.269336872
18.188065052 79.478862357 59.290930177 0.274216171
18.298045874 80.129242928 58.830428637 0.278515296
18.398045063 80.708267670 58.408537319 0.284348377
18.498084068 81.278120002 57.986028377 0.291112286
18.608098984 81.891985241 57.522849145 0.301255742
18.708028078 82.442851528 57.102574935 0.306722716
18.807981014 82.984329901 56.687638103 0.310145010
18.918128967 83.566646993 56.239425130 0.312765906
19.017991066 84.084554373 55.839623907 0.313739190
19.117949009 84.588231378 55.448213081 0.314025880
19.227990866 85.128352706 55.029282142 0.314617431
19.327975035 85.606273894 54.663026047 0.315735720
19.438143015 86.118447263 54.277327772 0.317875995
19.537934065 86.568665242 53.942856138 0.321229686
19.637892962 87.006379474 53.624414594 0.325598073
19.747894049 87.477284044 53.296277181 0.328661414
19.847876072 87.904380142 53.013406975 0.334158706
19.948077917 88.331081654 52.741971997 0.339198104
20.057851076 88.799870208 52.455512168 0.344275148
20.157842875 89.229687424 52.209061863 0.350855353
20.257833958 89.661205723 51.977638638 0.359792857
20.367820024 90.140455023 51.744082986 0.371636465
20.468015909 90.579455648 51.554322338 0.382930929
20.567795992 91.023439656 51.381443250 0.393195181
20.677790880 91.513822358 51.223339071 0.403969785
20.777791023 91.957000345 51.103510741 0.407466278
20.877778053 92.398891216 51.005866103 0.410680291
20.987874031 92.881540533 50.929084653 0.411589435
21.087733030 93.318376500 50.890704895 0.412048771
21.197726965 93.795391987 50.883779545 0.410576998
21.297708035 94.225182873 50.910627364 0.410562833
21.397696018 94.650829967 50.964410026 0.413539205
21.507755041 95.112418199 51.053368229 0.422602991
21.607676983 95.522195603 51.164642192 0.435688026
21.707682848 95.921906794 51.304313322 0.451687386
21.817792892 96.351401802 51.491620184 0.466160005
21.917902946 96.733862019 51.689244872 0.476368386
22.017832041 97.107034441 51.913233432 0.486469853
22.127647877 97.505306657 52.186029447 0.491077344
22.227639914 97.859889133 52.465344866 0.486942128
22.337611914 98.239312315 52.787291918 0.474474846
22.437762976 98.583546918 53.094233735 0.463640883
22.537626028 98.924480686 53.409769208 0.459070600
22.647600889 99.296282592 53.771061688 0.458993131
22.747591019 99.634903552 54.115092837 0.450180626
22.857518911 100.011134368 54.508436888 0.434027597
22.957668066 100.356240017 54.877541700 0.424413612
23.067553043 100.743318322 55.293722560 0.416873711
23.167526960 101.103299037 55.677498784 0.416765501
23.267494917 101.471963274 56.068656497 0.414642886
23.377515078 101.889203316 56.507303678 0.404538684
23.477696896 102.275601702 56.913446689 0.397319119
23.577513933 102.670393149 57.331052970 0.399147728
23.687469006 103.112397314 57.800191252 0.406216452
23.787472963 103.531207490 58.227988632 0.414865148
23.897413015 104.004023295 58.701946487 0.424397494
23.997442961 104.443125848 59.141488102 0.429436928
24.097436905 104.888989672 59.587004539 0.427396056
24.207428932 105.390839122 60.079616306 0.421790827
24.307409048 105.852800345 60.535492749 0.413981636
24.407366037 106.319038404 61.001395120 0.404333527
24.517411947 106.843128189 61.523693321 0.396965028
24.617380857 107.327913029 62.007728171 0.400568545
24.727334023 107.871185881 62.550965482 0.413356212
24.827345848 108.370601635 63.053168170 0.423718791
24.927433014 108.872087426 63.566379979 0.421889370
25.037389040 109.427792785 64.140932274 0.412291602
25.137320042 109.943047355 64.667621538 0.403473114
25.237277985 110.464219264 65.203634762 0.399468490
25.347307920 111.045128159 65.804174976 0.403968850
25.447454929 111.578880369 66.358215717 0.411270397
25.547224045 112.116581278 66.921007375 0.418747166
25.657212973 112.720134200 67.559203742 0.421911271
25.757210970 113.271722978 68.140703722 0.423314392
25.867179871 113.881729227 68.788428485 0.425005577
25.967232943 114.434674717 69.382335870 0.422288454
26.067205906 114.991757743 69.980412359 0.417648501
26.177165985 115.607469174 70.639397182 0.412548942
26.277137041 116.169693411 71.246212183 0.414088388
26.377174854 116.735852881 71.852535044 0.420441807
26.487174034 117.366754491 72.516099710 0.422909917
26.587123871 117.942741072 73.122606502 0.418505478
26.697109938 118.587648442 73.797980597 0.411634561
26.797098875 119.173646186 74.404478312 0.410159393
26.897065878 119.755984625 75.011985716 0.410164272
27.007138014 120.395409661 75.683119570 0.407451144
27.107050896 120.975059007 76.291231591 0.407570274
27.207026005 121.555456062 76.893368909 0.412175436
27.317169905 122.190034099 77.538312518 0.414566408
27.417137861 122.769818710 78.114489567 0.413258890
27.517034054 123.350713798 78.688322521 0.415582868
27.627022982 123.989233005 79.326034435 0.434086774
27.726984024 124.568036411 79.909713725 0.465844652
27.837002039 125.202980891 80.548833782 0.495166848
27.937023878 125.771808558 81.121706526 0.479973546
28.037000895 126.337526590 81.690265473 0.447225020
28.146950006 126.960750758 82.313300148 0.422348084
28.246922016 127.528120607 82.879514246 0.424419900
28.346984863 128.085224195 83.454051360 0.427651380
28.457134008 128.691513359 84.084102318 0.414676205
28.556885004 129.238460891 84.650684095 0.398178174
28.666873932 129.832368619 85.281662947 0.393610602
28.766900063 130.371445993 85.857200808 0.383002299
28.866894007 130.911110018 86.432234433 0.383853242
28.976886034 131.504906646 87.062731247 0.387341989
29.076834917 132.041320680 87.634112594 0.386926368
29.176818848 132.574903256 88.208803412 0.382489971
29.286859989 133.157701711 88.833072931 0.375335696
29.386899948 133.685086876 89.410787484 0.374431596
29.486997843 134.205954469 89.995120120 0.381156837
29.596828938 134.774547998 90.639026794 0.393457215
29.696758032 135.281122242 91.232482250 0.396115960
29.806756020 135.833218156 91.885975003 0.388816417
29.906765938 136.329661180 92.481803755 0.374194564
30.006811857 136.830720095 93.073016760 0.354636366
30.116730928 137.379595587 93.731087115 0.336868974
30.216798067 137.877714050 94.337401245 0.335102168
30.316858053 138.372116331 94.951825416 0.340316119
30.426817894 138.907271748 95.631832914 0.336761930
30.526772976 139.395460947 96.246350335 0.327533369
30.626754045 139.877952543 96.866139969 0.318510748
30.736644983 140.405063684 97.557232315 0.316054868
30.836611986 140.872011848 98.196199313 0.316500170
30.946778059 141.382090301 98.907439695 0.319453369
31.046642065 141.839945136 99.551351105 0.319120390
31.146609068 142.296556311 100.198359027 0.314621643
31.256587982 142.793059267 100.916287754 0.308610164
31.356649876 143.240832533 101.571303000 0.298793592
31.456800938 143.679896851 102.230685504 0.286016842
31.566602945 144.159607730 102.957565446 0.273634716
31.666593075 144.603615284 103.624160256 0.270569751
31.776540995 145.085933322 104.363043340 0.268372383
31.876536846 145.524964360 105.031543060 0.266772131
31.976527929 145.960628932 105.695759656 0.252804679
32.086493015 146.440524358 106.422373970 0.232113575
32.186541080 146.873540634 107.086452271 0.208082808
32.286470890 147.295757695 107.759186193 0.194717938
32.396471977 147.760134156 108.505214421 0.189361610
32.496602058 148.184970607 109.186072379 0.183503656
32.596426964 148.605263495 109.873384087 0.172106653
32.706465006 149.066460989 110.636077276 0.161126906
32.806413889 149.477696175 111.331586132 0.145815879
32.916511059 149.926857204 112.095224483 0.122812232
33.016629934 150.337088539 112.790325407 0.111605635
33.116566896 150.738385187 113.496900105 0.111080096
33.226395845 151.168800283 114.286252482 0.114023654
33.326328993 151.556321096 115.005308257 0.114566114
33.426511049 151.942319954 115.723949241 0.098987601
33.536360025 152.361305702 116.514816212 0.071482134
33.636326075 152.738725432 117.237716276 0.048731898
33.746298075 153.157339713 118.035473029 0.037705563
33.846274853 153.548184670 118.760103897 0.041390607
33.946446896 153.932801014 119.491401873 0.045754583
34.056262970 154.351416410 120.299431265 0.049627902
34.156250000 154.736313088 121.030417872 0.045881608
34.256238937 155.118845792 121.759899195 0.036428505
34.366281033 155.544152490 122.559089812 0.024645947
34.466531992 155.932959964 123.285714197 0.024950518
34.576266050 156.351751573 124.091543079 0.033660301
34.676184893 156.727918801 124.825997435 0.050062826
34.776228905 157.099970584 125.553470701 0.058843720
34.886169910 157.510309730 126.347418904 0.054209772
34.986202955 157.884386491 127.067944885 0.045305596
35.086163044 158.249737132 127.793124830 0.041383437
35.196135998 158.653044943 128.587511863 0.047583042
35.296141863 159.019600915 129.306496822 0.052716851
35.396148920 159.383964598 130.025136207 0.052296422
35.506136894 159.779616007 130.815185102 0.048593003
35.606068850 160.136783835 131.528752706 0.045799903
35.716122866 160.525585161 132.305758984 0.034848768
35.816117048 160.874531344 133.009752669 0.027684224
35.920484066 161.197124544 133.646229843 0.020785832
36.024850845 161.519717670 134.282707037 0.013887360
36.129216909 161.842310721 134.919184247 0.006988806
36.233583927 162.164903697 135.555661475 0.000090175
36.337950945 162.487496599 136.192138724 -0.006808536
36.442317009 162.810089427 136.828615988 -0.013707328
36.546684027 163.132682179 137.465093270 -0.020606201
36.651051044 163.455274857 138.101570570 -0.027505151
36.755418062 163.777867461 138.738047888 -0.034404182
36.859783888 164.100459990 139.374525226 -0.041303294
36.964150906 164.423052445 140.011002580 -0.048202486
37.068516970 164.745644824 140.647479953 -0.055101756
37.172883987 165.068237129 141.283957343 -0.062001107
37.277251005 165.390829361 141.920434752 -0.068900539
37.381617069 165.713421517 142.556912178 -0.075800048
37.485983849 166.036013598 143.193389623 -0.082699638
37.575845957 166.305645358 143.688062469 -0.082023511
37.685896873 166.644179536 144.284942928 -0.072234417
37.785840034 166.959145142 144.819375267 -0.056683167
37.885808945 167.273558724 145.347406108 -0.048562848
37.995872974 167.621224479 145.927492705 -0.045899669
38.095843077 167.937978382 146.454454564 -0.048201265
38.195854902 168.258760920 146.985532997 -0.053089484
38.305855036 168.613662479 147.575441305 -0.054722276
38.405832052 168.935523312 148.119557466 -0.059450738
38.516000986 169.283167545 148.721287199 -0.073344193
38.615887880 169.600476092 149.269225345 -0.088753907
38.715930939 169.923621057 149.817177262 -0.099082663
38.825754881 170.286401051 150.421550591 -0.107277641
38.925970078 170.613759428 150.980029615 -0.108184591
39.025840998 170.933369708 151.546457225 -0.096632787
39.135748863 171.292984874 152.173200538 -0.079269963
39.235651970 171.623603302 152.742766568 -0.073120280
39.335737944 171.950313774 153.316046443 -0.088485543
39.445868015 172.299847939 153.941016507 -0.101876725
39.545681000 172.629573928 154.482425658 -0.102898177
39.655644894 173.000897070 155.075602440 -0.101694296
39.755676031 173.338791525 155.634221109 -0.092516023
39.855597973 173.677328722 156.198039740 -0.083147225
39.965651035 174.046111410 156.816974399 -0.064884801
40.065598011 174.378389143 157.385527918 -0.056065410
40.165617943 174.711573756 157.948014605 -0.050282459
40.275662899 175.078313989 158.577987701 -0.044715796
40.375586987 175.409298570 159.147486925 -0.033966367
40.485677958 175.768900422 159.781983046 -0.028155639
40.585559845 176.096497514 160.351114577 -0.020503785
40.685528994 176.420616420 160.923878177 -0.021999636
40.795490026 176.773463753 161.549446032 -0.027419199
40.895478964 177.090484903 162.116364181 -0.037291924
40.995513916 177.403594005 162.677730843 -0.039840243
41.105464935 177.741792309 163.288975686 -0.032892009
41.205481052 178.048323456 163.838386357 -0.019280918
41.315554857 178.381741456 164.427512652 -0.000750705
41.415705919 178.674922486 164.953637306 0.006086333
41.515639067 178.959851019 165.466185274 0.010047615
41.625454903 179.265728310 166.015752868 0.008781155
41.725441933 179.537037261 166.492196861 0.004603089
41.825445890 179.794833670 166.954402262 -0.003358453
41.935570955 180.064551224 167.449910139 -0.014411154
42.035456896 180.297432350 167.893957142 -0.026781395
42.135380030 180.521151399 168.333313695 -0.040684801
42.245332956 180.757008703 168.814035205 -0.050095970
42.345319986 180.956101979 169.252872166 -0.055766628
42.445509911 181.142353752 169.691270240 -0.060239131
42.555292845 181.334888633 170.170154997 -0.062820838
42.655281067 181.490331820 170.602891474 -0.069230256
42.765274048 181.633494407 171.076555553 -0.077196852
42.865321875 181.745499569 171.505313156 -0.087099258
42.965436935 181.835233765 171.931982659 -0.094490933
43.075250864 181.907171790 172.396691025 -0.097435225
43.175289869 181.945341029 172.811487206 -0.093861731
43.275240898 181.961578667 173.219852107 -0.089616080
43.385208845 181.958376444 173.661814491 -0.088582791
43.485406876 181.936319290 174.056919715 -0.088989673
43.585241079 181.892082690 174.446538932 -0.085336958
43.695178032 181.816522064 174.868669588 -0.077121892
43.795136929 181.725512185 175.244420433 -0.073436999
43.895138025 181.613364128 175.609518493 -0.075259658
44.005161047 181.473060199 176.001013020 -0.080782525
44.105176926 181.327975217 176.346915922 -0.086212471
44.205111980 181.169444191 176.684759876 -0.096517016
44.315177917 180.977950683 177.047433330 -0.116785329
44.415235996 180.781898142 177.371595831 -0.139234474
44.525158882 180.536083770 177.724511219 -0.165825798
44.625097036 180.283169654 178.038762375 -0.184824623
44.725132942 180.004250406 178.347429947 -0.197596999
44.835036039 179.671601164 178.682517453 -0.208865641
44.935250044 179.346484585 178.979869005 -0.222216294
45.035044909 179.000483449 179.270105058 -0.234780365
45.144999981 178.596558587 179.581977982 -0.248609938
45.245002985 178.207321893 179.857431649 -0.266543546
45.354960918 177.759852402 180.156061826 -0.284941619
45.455147028 177.336464573 180.423332454 -0.297373333
45.554975033 176.897017288 180.685874170 -0.307874269
45.664982080 176.394049562 180.972922331 -0.319030315
45.764927864 175.920301325 181.235541302 -0.330392518
45.874902964 175.380820550 181.528577423 -0.343165267
45.974953890 174.874512050 181.800150041 -0.352306778
46.074885845 174.352161023 182.078495812 -0.359548378
46.184937954 173.759127891 182.393792823 -0.368589705
46.284858942 173.202303659 182.688895174 -0.376303991
46.394937992 172.570021245 183.024455701 -0.385543341
46.494937897 171.978278890 183.322133870 -0.400611629
46.594871044 171.368114771 183.597773879 -0.426993249
46.704951048 170.676518168 183.906730528 -0.456723030
46.804839849 170.029005826 184.211330234 -0.478671966
46.914989948 169.296085380 184.553359559 -0.499307547
47.015013933 168.612716526 184.887584954 -0.513627171
47.114817858 167.922260882 185.232712081 -0.519379206
47.224797010 167.150489742 185.619792557 -0.518675963
47.324771881 166.432315720 185.986654862 -0.520872809
47.425080061 165.704479882 186.357062546 -0.521597140
47.534782887 164.892043882 186.780959443 -0.521275732
47.634722948 164.150827829 187.163611722 -0.519558893
47.744701862 163.332613892 187.591064132 -0.525966819
47.844686031 162.590852548 187.974424613 -0.534252353
47.944905043 161.848368416 188.362320349 -0.543384974
48.054715872 161.030733802 188.788874885 -0.548908253
48.154729843 160.285786760 189.177703363 -0.547268367
48.254683018 159.540404696 189.564550180 -0.544270489
48.364692926 158.720062928 189.985650117 -0.547703460
48.464828014 157.980710975 190.395589987 -0.572622609
48.564629078 157.241278819 190.806858669 -0.598655796
48.674654007 156.424994799 191.242244115 -0.622414379
48.774666071 155.684096626 191.640515573 -0.644434314
48.884597063 154.861286264 192.066676906 -0.666292998
48.984619856 154.103334249 192.466119767 -0.689998887
49.084567070 153.351953644 192.851583200 -0.709615269
49.194536924 152.518293016 193.283359149 -0.721960390
49.294591904 151.767735081 193.668629676 -0.729377620
49.394573927 151.021740091 194.053262333 -0.728349310
49.504606962 150.206457486 194.486469575 -0.720843609
49.604538918 149.471491053 194.879080008 -0.724736991
49.704539061 148.738597120 195.274047153 -0.725304187
49.814568996 147.941859079 195.698866488 -0.723383748
49.914654970 147.216979434 196.091537259 -0.729192678
50.024553061 146.426595971 196.510557938 -0.735519826
50.124444962 145.706208876 196.891205873 -0.729564183
50.224426985 144.996294234 197.274552649 -0.725913041
50.334409952 144.218364089 197.699260661 -0.714014375
50.434637070 143.512227206 198.074923259 -0.702558424
50.534432888 142.809081173 198.447811234 -0.693177748
50.644377947 142.040104684 198.856552923 -0.685269300
50.744368076 141.345903305 199.223572088 -0.680802176
50.854387999 140.582154328 199.624341341 -0.673572834
50.954467058 139.889889894 199.982706301 -0.667907871
51.054319859 139.195464963 200.340220639 -0.662181891
51.164325953 138.434796772 200.724160743 -0.662261374
51.264325857 137.744350023 201.069143293 -0.656069892
51.364295959 137.054724603 201.401794870 -0.648352253
51.474462986 136.297928947 201.761240910 -0.641992153
51.574331999 135.611435921 202.080083484 -0.635075420
51.674264908 134.932824319 202.395701220 -0.631065640
51.784285069 134.194050465 202.736109546 -0.625987358
51.884280920 133.531251127 203.041418674 -0.621092753
51.994344950 132.812526167 203.373627577 -0.606317862
52.094250917 132.172547257 203.668966636 -0.594587647
52.194197893 131.545567492 203.957815083 -0.583681545
52.304266930 130.872075057 204.269963368 -0.577848858
52.404207945 130.272501954 204.549013299 -0.567645059
52.504198074 129.685631176 204.823812128 -0.559615826
52.614197016 129.053393731 205.121843890 -0.549404485
52.714251041 128.493623630 205.388018444 -0.545686264
52.824146032 127.891835164 205.676901370 -0.541578896
52.924289942 127.359700514 205.936936389 -0.540333077
53.024119854 126.839445791 206.192160852 -0.538499928
53.134098053 126.280604044 206.462443016 -0.535049126
53.234080076 125.787421138 206.702494106 -0.531705506
53.334050894 125.311022103 206.937490934 -0.528781716
53.444202900 124.807495732 207.192903521 -0.525331676
53.544070005 124.364773634 207.420262244 -0.517105956
53.644032955 123.937933740 207.640945445 -0.512305959
53.754001856 123.484777865 207.877847830 -0.507803570
53.854012012 123.087956897 208.086870679 -0.506559145
53.964022875 122.665196678 208.309071379 -0.503544667
54.064007044 122.299806442 208.508257586 -0.497707690
54.164017916 121.949120093 208.701514223 -0.492252298
54.274070024 121.579858700 208.908480293 -0.490108185
54.373960018 121.261208093 209.089897168 -0.489429065
54.474092960 120.958908659 209.266774205 -0.485438969
54.583917856 120.642441378 209.453919648 -0.485286547
54.683907986 120.371184425 209.616631015 -0.482494425
54.793967009 120.096498576 209.782231024 -0.480114336
54.893879890 119.864772759 209.921904070 -0.472973471
54.993916988 119.655143337 210.050191662 -0.469159073
55.103935003 119.448387557 210.179177740 -0.465100619
55.203839064 119.286684895 210.282906486 -0.463178415
55.303843975 119.144885626 210.374633134 -0.462240382
55.414008856 119.013537834 210.460936247 -0.460692018
55.513999939 118.917499286 210.524236463 -0.456099425
55.613802910 118.841143425 210.575816809 -0.452994545
55.723796844 118.773173643 210.622538608 -0.453528883
55.824005842 118.717816377 210.660731898 -0.449897526
55.934000015 118.670031409 210.695320569 -0.445457474
56.033796072 118.635725008 210.720302789 -0.439796652
56.133821964 118.611035594 210.736023128 -0.436020164
56.243766069 118.593110851 210.745114837 -0.432701346
56.343806982 118.586562412 210.747797940 -0.431358539
56.443913937 118.588203102 210.746588425 -0.431778145
56.553730011 118.591459573 210.744977017 -0.432487687
56.653719902 118.590831143 210.745766264 -0.432731842
56.753676891 118.591891894 210.748417793 -0.432625139
56.863673925 118.595188933 210.750605263 -0.433174587
56.963670969 118.601354268 210.753300865 -0.432038011
57.073638916 118.604484522 210.758262110 -0.431000636
57.173658848 118.604910534 210.769120849 -0.429719264
57.273655891 118.599634828 210.777877833 -0.433892734
57.383687973 118.590205609 210.790000979 -0.438371416
57.483851910 118.577162001 210.802743290 -0.442300734
57.583623886 118.560764308 210.816333307 -0.442499243
57.693677902 118.538908305 210.834108970 -0.443193700
57.793612003 118.512759211 210.851291679 -0.443682065
57.903601885 118.471052197 210.877076093 -0.445963334
58.003627062 118.421138320 210.909301849 -0.447069738
58.103623867 118.354480991 210.950972322 -0.448298215
58.213512897 118.264308797 211.009188431 -0.446764965
58.313616037 118.164761569 211.071510958 -0.444522146
58.413578033 118.049646711 211.144589735 -0.442790566
58.523511887 117.905027798 211.237852321 -0.441120150
58.623481035 117.758337260 211.333270981 -0.441067204
58.723484993 117.598586420 211.438242255 -0.443066646
58.833445072 117.409417489 211.565404566 -0.446164923
58.933572054 117.229357432 211.692492276 -0.444479741
59.043411970 117.021189110 211.846189795 -0.434662003
59.143427849 116.823107364 211.994095830 -0.425843719
59.243393898 116.619723090 212.150370091 -0.427004873
59.353401899 116.396045801 212.340182315 -0.424596230
59.453574896 116.188407303 212.525647048 -0.422889650
59.553374052 115.979993544 212.724161733 -0.419016754
59.663383007 115.751189909 212.959016241 -0.411688603
59.763350964 115.539615125 213.186718020 -0.403620489
59.873295069 115.308700188 213.455577453 -0.398330520
59.973361015 115.101570850 213.715957503 -0.396718081
60.073339939 114.900611488 213.992152782 -0.396960246
60.183320999 114.693118214 214.316596195 -0.395594132
60.283273935 114.520018722 214.628766787 -0.391397738
60.383310080 114.359555741 214.956445793 -0.389223903
60.493324041 114.200268670 215.336541727 -0.395612063
60.593222857 114.073552243 215.697764387 -0.409354928
60.703250885 113.954812571 216.119554276 -0.424007909
60.803175926 113.870048588 216.521606555 -0.430421110
60.903217077 113.812001792 216.943940763 -0.431197380
61.013411999 113.783187439 217.427722830 -0.427627541
61.113241911 113.787518552 217.883658623 -0.422241580
61.213207006 113.817322216 218.353238706 -0.419763373
61.323165894 113.884606427 218.882337776 -0.421796885
61.423259020 113.972912571 219.373782200 -0.429948295
61.533179998 114.102316241 219.929657852 -0.434165934
61.633120060 114.249851572 220.446014161 -0.430509044
61.733108044 114.427821770 220.973118051 -0.425868926
61.843101025 114.648862322 221.559711371 -0.422284554
61.943170071 114.879851858 222.099854708 -0.420453564
62.043143988 115.128231720 222.647348288 -0.421278226
62.153037071 115.421745656 223.258790760 -0.421640609
62.253051996 115.701770384 223.828012374 -0.423389884
62.353036880 115.996201783 224.405301056 -0.427512513
62.463155031 116.335788044 225.051861715 -0.432897323
62.563010931 116.653330486 225.649202557 -0.437189069
62.663044930 116.984006870 226.256762851 -0.440169234
62.772990942 117.354185158 226.936900298 -0.442214369
62.872943878 117.700901143 227.568654311 -0.443441091
62.973042011 118.052732997 228.216420063 -0.446377548
63.082924843 118.450759440 228.943389014 -0.450874187
63.182949066 118.821310595 229.615489501 -0.460098671
63.282948971 119.197748370 230.298657548 -0.473008754
63.392915010 119.620597322 231.064886103 -0.492522238
63.493175030 120.009244615 231.771613957 -0.511186175
63.602900982 120.442250717 232.564768361 -0.526138686
63.702873945 120.839536744 233.297666739 -0.532558781
63.802854061 121.244982011 234.041408249 -0.532052048
63.912925005 121.694459364 234.870107573 -0.527223531
64.012961864 122.111076627 235.635579298 -0.530746372
64.112880945 122.531335617 236.407411750 -0.543577500
64.222920895 123.003286815 237.268285417 -0.567574863
64.322831869 123.435596905 238.061695863 -0.587159301
64.423028946 123.871140294 238.865863668 -0.597924753
64.532827854 124.355067257 239.764669327 -0.599570081
64.632823944 124.797357617 240.592163788 -0.597168487
64.752825022 125.335459477 241.599732407 -0.591067851
64.842867851 125.744559269 242.363599692 -0.588205727
64.942831993 126.211950438 243.214044290 -0.589712187
65.052761078 126.724274203 244.154086819 -0.602255225
65.152768850 127.195687609 245.012499496 -0.614039179
65.252728939 127.669172275 245.880920793 -0.624290202
65.362701893 128.194840114 246.843801494 -0.627832217
65.462837934 128.672598153 247.723834573 -0.629226374
65.572682858 129.205267003 248.698380223 -0.631335020
65.672710896 129.688205140 249.589208965 -0.631577999
65.772696018 130.169767375 250.482557818 -0.636238628
65.882683039 130.700728714 251.467184667 -0.649731241
65.982698917 131.183188076 252.364338132 -0.652576584
66.082633972 131.666727204 253.264513418 -0.646343251
66.192631006 132.196558487 254.261209789 -0.638527978
66.292602062 132.679670573 255.165427808 -0.632279885
66.392673016 133.161042206 256.072241854 -0.625734478
66.502769947 133.688524831 257.065693742 -0.622993135
66.602578878 134.162776556 257.964173108 -0.626686236
66.712619066 134.683667428 258.949608149 -0.634839581
66.812655926 135.154644123 259.843437879 -0.641241196
66.912751913 135.623367081 260.734488016 -0.646612844
67.022634983 136.139524019 261.710534335 -0.650470901
67.122514009 136.605939556 262.595772756 -0.649067689
67.222542048 137.071463397 263.479141158 -0.642667285
67.332479954 137.577647930 264.449786639 -0.632327137
67.432566881 138.035460872 265.329312515 -0.624812843
67.542454958 138.537293181 266.295125520 -0.622323403
67.642435074 138.990527211 267.173853572 -0.621927525
67.742476940 139.446456712 268.054623983 -0.625033834
67.852453947 139.948636952 269.023472221 -0.637811474
67.952481031 140.403515975 269.900939692 -0.654299904
68.052389860 140.859389279 270.777463738 -0.669941607
68.162395000 141.360524116 271.742642345 -0.679393175
68.262372971 141.815756581 272.619113778 -0.681050504
68.362374067 142.271288543 273.495857391 -0.685248591
68.472589016 142.774629069 274.459350645 -0.684683263
68.572362900 143.234139963 275.338259937 -0.681496600
68.682383060 143.748854967 276.300303838 -0.680573239
68.782351017 144.220310831 277.176826553 -0.683406658
68.882343054 144.689524383 278.058406268 -0.688559739
68.992352009 145.209099531 279.031821537 -0.693809694
69.092283964 145.682929358 279.920948764 -0.697742838
69.192267895 146.159611804 280.813213353 -0.702362991
69.302243948 146.686014435 281.800211628 -0.702884018
69.402284861 147.163558766 282.705150541 -0.704972131
69.502344847 147.644864982 283.612448075 -0.704199577
69.612408876 148.175230614 284.613564693 -0.711748555
69.712208033 148.656502218 285.530900305 -0.712502678
69.822207928 149.189814101 286.544649146 -0.703168828
69.922440052 149.671832373 287.470970662 -0.688733603
70.022217035 150.154320679 288.395381222 -0.680760571
70.132187843 150.683652586 289.414190625 -0.675059031
70.232152939 151.164779029 290.340089813 -0.671885280
70.332139969 151.646119168 291.262459463 -0.670206908
70.442231894 152.175283317 292.273174325 -0.670448872
70.542126894 152.656085694 293.189095863 -0.671974891
70.652111053 153.183582289 294.195855740 -0.670286785
70.752130985 153.663424772 295.108096262 -0.666594456
70.852107048 154.139142986 296.025465746 -0.661361296
70.962077856 154.658479789 297.034389865 -0.656560871
71.062106848 155.126094594 297.952384620 -0.652327345
71.162046909 155.594012599 298.861014041 -0.656173082
71.272008896 156.107417787 299.857986286 -0.662198628
71.372015953 156.577376725 300.758573842 -0.663030768
71.472106934 157.038729408 301.647296078 -0.656072685
71.581982851 157.541364483 302.616248503 -0.646388264
71.682018042 157.994038747 303.488004442 -0.640474714
71.791975021 158.486485968 304.438891128 -0.635779155
71.891939878 158.934147306 305.294108979 -0.636662796
71.991989851 159.377768384 306.144706751 -0.638599116
72.101943016 159.858772031 307.075318023 -0.643744715
72.201907873 160.288856269 307.913549851 -0.648518535
72.301913023 160.712167364 308.742344526 -0.651613399
72.412144899 161.171650406 309.644640006 -0.653461662
72.512099028 161.583563606 310.454200719 -0.652130536
72.612076998 161.987982155 311.254638819 -0.650257217
72.721915960 162.426044391 312.123326966 -0.652958228
72.821872950 162.817871403 312.898410632 -0.658384936
72.931925058 163.241404665 313.735100690 -0.664860832
73.031866074 163.621066262 314.483038577 -0.665380435
73.131810904 163.993157032 315.215973151 -0.664083414
73.241838932 164.397923922 316.002532705 -0.659730612
73.341814995 164.759346008 316.697571789 -0.654563551
73.442005873 165.114437329 317.373243371 -0.646564952
73.551761866 165.500497649 318.095041115 -0.633450225
73.651766062 165.838571642 318.729444504 -0.628722320
73.761764050 166.197738815 319.406671133 -0.622959593
73.861741066 166.514999071 319.999893255 -0.619785641
73.961789846 166.819616901 320.573673106 -0.617289468
74.071729898 167.142585760 321.181537376 -0.615184658
74.171752930 167.427157022 321.717376566 -0.614196799
74.271692038 167.703266553 322.234236058 -0.610911371
74.381695986 167.998217283 322.782209900 -0.605026442
74.481889009 168.255446070 323.259912013 -0.591858575
74.581652880 168.503165057 323.718445277 -0.581932020
74.691668034 168.762246690 324.196362658 -0.577705951
74.791682005 168.983413296 324.616263205 -0.577901021
74.901730061 169.211165086 325.064626456 -0.573161533
75.001648903 169.409535625 325.457535165 -0.567312211
75.101606846 169.596381323 325.842841831 -0.560478033
75.211706877 169.789946573 326.265738111 -0.550830741
75.311684847 169.956837479 326.650489120 -0.541959015
75.411732912 170.113037411 327.034863755 -0.531820536
75.521587849 170.278756422 327.455694018 -0.521958865
75.621587992 170.416262127 327.840671970 -0.509645595
75.721520901 170.538384590 328.225321363 -0.497698136
75.831487894 170.651492605 328.648662455 -0.484768263
75.931642056 170.734102704 329.031249715 -0.476291069
76.031486988 170.805482185 329.412556205 -0.466608087
76.141578913 170.869130916 329.832697627 -0.456812493
76.241476059 170.904482133 330.215558213 -0.448929214
76.341490030 170.917679743 330.605305019 -0.440710031
76.451560974 170.908591842 331.043630419 -0.439122743
76.551414967 170.883546236 331.454355948 -0.440188653
76.651419878 170.836154928 331.869703645 -0.443062398
76.761409998 170.759749009 332.331922287 -0.444274632
76.861379862 170.658783472 332.754209206 -0.442028043
76.971405029 170.512328257 333.221063975 -0.452187997
77.071358919 170.355577022 333.639401736 -0.462711383
77.171396971 170.171872674 334.055246071 -0.473615422
77.281354904 169.926745180 334.497790726 -0.480643528
77.381341934 169.674912727 334.887817222 -0.483587011
77.481559992 169.396153029 335.267200521 -0.486666583
77.591311932 169.055325963 335.677605609 -0.489769069
77.691298962 168.713799691 336.034792588 -0.485926027
77.791293859 168.331825496 336.368586450 -0.476259492
77.901319981 167.871434401 336.705203381 -0.462890832
78.001345873 167.427472765 336.995289215 -0.457340321
78.111254930 166.912344202 337.304809443 -0.454749229
78.211279869 166.417117718 337.577586035 -0.450211268
78.311356068 165.904462509 337.842640424 -0.445298657
78.421380043 165.324934261 338.128154906 -0.440126052
78.521295071 164.786233557 338.378220673 -0.441117235
78.631196022 164.181286421 338.651773126 -0.455665452
78.731168032 163.619908023 338.906999610 -0.472243298
78.841170073 162.987543504 339.195956311 -0.473760763
78.941303968 162.401585820 339.464882673 -0.458982029
79.041135073 161.806815699 339.738855265 -0.436253578
79.151141882 161.141980907 340.043701522 -0.422108141
79.251097918 160.525339519 340.323856316 -0.413890722
79.361119986 159.834148283 340.638499751 -0.409213391
79.461314917 159.193415785 340.930496414 -0.404078430
79.561071873 158.542255033 341.225481974 -0.397264984
79.671050072 157.812910425 341.561368514 -0.388658970
79.771062851 157.138336127 341.885334390 -0.375788931
79.871047974 156.448808212 342.212320398 -0.365642471
79.981057882 155.678733330 342.582627142 -0.354977671
80.081035852 154.964267268 342.930438556 -0.357023692
80.181077957 154.241367239 343.291381175 -0.360184208
80.291017056 153.429120186 343.699721094 -0.361231895
80.390989065 152.677311624 344.080008422 -0.361112342
80.501020908 151.841614023 344.505594794 -0.356606454
80.600981951 151.077205619 344.901546716 -0.358044082
80.700980902 150.309354411 345.303353068 -0.361107125
80.810979843 149.459732094 345.748491066 -0.366924934
80.910987854 148.680774307 346.156563159 -0.377274378
81.010952950 147.899930766 346.570097957 -0.384671621
81.120936871 147.038255443 347.029479830 -0.386935039
81.221025944 146.249976467 347.445947174 -0.386588693
81.330936909 145.382505179 347.905951341 -0.383458319
81.431117058 144.595477532 348.322182956 -0.383226689
81.530889034 143.812396001 348.735335204 -0.385451772
81.640908003 142.947395194 349.188463033 -0.386769436
81.740912914 142.164162305 349.598416631 -0.388872526
81.840832949 141.381389411 350.010231831 -0.388526815
81.951058865 140.524372074 350.459643759 -0.390111899
82.050864935 139.744044911 350.867213841 -0.394229460
82.150847912 138.965268517 351.275363096 -0.399346659
82.260849953 138.108018345 351.719935008 -0.403190186
82.360780001 137.327583644 352.119120581 -0.398243936
82.470988989 136.470238023 352.553218310 -0.395716614
82.570759058 135.690156570 352.941571404 -0.401771612
82.670728922 134.911217148 353.325715474 -0.410351849
82.780755997 134.054703761 353.748143447 -0.414912010
82.880709887 133.278448940 354.133376571 -0.415474118
82.980792999 132.499551155 354.513503474 -0.415837640
83.090729952 131.645222127 354.932209570 -0.407367034
83.190731049 130.870157830 355.315160729 -0.398804648
83.290718079 130.097043764 355.696322106 -0.399985055
83.400707960 129.246983963 356.114057059 -0.400738819
83.500757933 128.475887196 356.493477492 -0.397578288
83.610628843 127.631677910 356.915044033 -0.390932138
83.710793972 126.864743692 357.300116841 -0.388619112
83.810699940 126.101955194 357.685736656 -0.388602761
83.920747042 125.267321995 358.116194511 -0.389106435
84.020668983 124.514771673 358.508231567 -0.391074527
84.120616913 123.764742883 358.903571945 -0.391791747
84.230607033 122.944399142 359.340310296 -0.393387439
84.330570936 122.201005185 359.738680725 -0.392861601
84.440687895 121.388163138 360.178085463 -0.388018637
84.540580988 120.653438261 360.582621729 -0.383808547
84.640575886 119.921773303 360.991489995 -0.380895867
84.750525951 119.121084165 361.443426007 -0.377396991
84.850539923 118.397205459 361.858214038 -0.375507361
84.950578928 117.680508412 362.274593898 -0.373007713
85.060509920 116.905159106 362.729954052 -0.370021033
85.160443068 116.214830641 363.135986362 -0.368696424
85.260479927 115.540042123 363.535775444 -0.369340225
85.370463848 114.814515762 363.965678872 -0.363789862
85.470628977 114.173848098 364.348508484 -0.359169220
85.580446959 113.489106003 364.756988793 -0.353938998
85.680391073 112.884924261 365.117535811 -0.348135348
85.780391932 112.299327910 365.468554624 -0.345101026
85.890357018 111.675628134 365.837171136 -0.333026287
85.990438938 111.130402621 366.157872563 -0.319569322
86.090339899 110.603551046 366.464466072 -0.314702623
86.200397015 110.044206266 366.787266171 -0.309836358
86.300400972 109.540469579 367.070876278 -0.306822795
86.400330067 109.036658313 367.349842888 -0.304053155
86.510493994 108.484320247 367.652829036 -0.299712475
86.610496998 107.983656663 367.923301483 -0.292868411
86.720277071 107.433974006 368.213224702 -0.284033424
86.820291042 106.932708372 368.471903644 -0.280095573
86.920413971 106.432022568 368.726523815 -0.279010940
87.030243874 105.883718500 369.002911933 -0.278964426
87.130243063 105.384977276 369.252249584 -0.275865463
87.230202913 104.882293024 369.498113828 -0.271186997
87.340196848 104.321946978 369.766699892 -0.262457749
87.440228939 103.806414921 370.008181991 -0.256672661
87.550173044 103.232564847 370.276852181 -0.248477373
87.650141001 102.703967183 370.522471032 -0.239999247
87.750136852 102.167196212 370.766238212 -0.231719300
87.860168934 101.568304271 371.032297786 -0.224973225
87.960175037 101.017847595 371.275918627 -0.219790702
88.060119867 100.461218369 371.524174626 -0.214089610
88.170145988 99.838691608 371.802163593 -0.205863953
88.270175934 99.261740857 372.056638206 -0.197881843
88.380094051 98.613739286 372.339375471 -0.189755391
88.480365038 98.013896971 372.602077861 -0.182475446
88.580088854 97.399174474 372.869315586 -0.175317679
88.690084934 96.708745725 373.169084725 -0.170663181
88.790000916 96.071797712 373.446380221 -0.174171712
88.890017986 95.425516514 373.732148299 -0.183005993
89.000051022 94.700910293 374.054718532 -0.215019452
89.100074053 94.027311775 374.357456367 -0.241455507
89.200052977 93.339272197 374.672786489 -0.245667751
89.310091019 92.563999221 375.031105670 -0.229800783
89.410112858 91.852634419 375.367240625 -0.233411386
89.520007849 91.063017186 375.744869984 -0.264756265
89.619956970 90.334029542 376.093489453 -0.298366339
89.719900846 89.591169381 376.450800783 -0.323843901
89.829964876 88.756287406 376.854164406 -0.325069168
89.930079937 87.980920771 377.227594775 -0.318259864
90.029896975 87.198045478 377.610883115 -0.319462020
90.139962912 86.331528965 378.045818725 -0.336443820
90.239873886 85.537748077 378.454914677 -0.353966890
90.349855900 84.657168743 378.923306709 -0.356668548
90.450073957 83.845645270 379.357805518 -0.335626574
90.549836874 83.026426195 379.802078914 -0.311197762
90.659873962 82.119015701 380.295772023 -0.295025909
90.759829044 81.292279272 380.751960441 -0.296576089
90.859818935 80.463474389 381.213391306 -0.308151722
90.969861984 79.552208922 381.734110940 -0.310826517
91.069762945 78.721261710 382.210674480 -0.301811591
91.169796944 77.888359706 382.689565992 -0.291065053
91.279741049 76.971494363 383.214561470 -0.283105149
91.379739046 76.135092318 383.691543949 -0.275570733
91.489776850 75.213278107 384.215437941 -0.268450272
91.589722872 74.377145937 384.693608380 -0.267271521
91.689725876 73.544456214 385.170547934 -0.274401292
91.799690008 72.631638313 385.694240301 -0.283692244
91.899699926 71.800835193 386.167972827 -0.283017274
91.999757051 70.969884572 386.640476974 -0.274194177
92.109727859 70.052266230 387.150438790 -0.264556202
92.209627867 69.222980730 387.608010522 -0.263010957
92.309701920 68.394389164 388.057786473 -0.263120964
92.419890881 67.484105643 388.546065819 -0.265803700
92.519674063 66.656935305 388.988379734 -0.264441085
92.629595041 65.752639279 389.478694093 -0.255497129
92.729583979 64.929367359 389.921651539 -0.245368707
92.829592943 64.107032604 390.364799202 -0.233081324
92.939732075 63.202966320 390.849665074 -0.222199637
93.039608955 62.380464240 391.285672209 -0.219059745
93.139610052 61.560614489 391.717223298 -0.226021059
93.249531031 60.657879438 392.182629415 -0.241528725
93.349513054 59.838078096 392.605210024 -0.253372581
93.449621916 59.016104475 393.023050212 -0.251086619
93.559483051 58.113335758 393.483382224 -0.240280645
93.659501076 57.293889944 393.898161535 -0.235416059
93.769496918 56.395862296 394.352826257 -0.239960425
93.869493961 55.579411993 394.763038919 -0.239246251
93.969491959 54.765244764 395.167289941 -0.239592344
