1305031453.359684 0.000000000 0.000000000 0.000000000 -0.000000000 -0.000000000 -0.000000000 1.000000000
1305031453.391690 0.002095565 0.005112431 -0.009582598 -0.000370282 0.006323346 0.012206452 0.999905467
1305031453.423683 0.005579091 0.007256794 -0.017679716 0.000664980 0.010741161 0.021337703 0.999714434
1305031453.459685 0.009849645 0.012254410 -0.028148375 0.004861886 0.017237840 0.030323723 0.999379694
1305031453.491698 0.014715629 0.012276012 -0.039718945 0.007110808 0.023094911 0.039637901 0.998921871
1305031453.523684 0.013774431 0.018997824 -0.052852567 0.014797982 0.028717872 0.049077053 0.998272419
1305031453.559753 0.013752732 0.024213670 -0.066719174 0.021973610 0.031917840 0.056063384 0.997674942
1305031453.591640 0.012374341 0.033387698 -0.082941838 0.030557275 0.035154324 0.060158949 0.997101486
1305031453.627706 0.003111638 0.040840358 -0.098936513 0.037941325 0.038230665 0.064341567 0.996473312
1305031453.659600 -0.008969175 0.050221320 -0.115834117 0.046569157 0.037041914 0.062360633 0.996278286
1305031453.691678 -0.014043533 0.057835188 -0.128267735 0.053171221 0.031791657 0.057550441 0.996418655
1305031453.727652 -0.028392367 0.069650061 -0.143186018 0.058921427 0.029258540 0.052097660 0.996472836
1305031453.759694 -0.046281643 0.077123292 -0.156395078 0.063588023 0.023704937 0.044592962 0.996697605
1305031453.791716 -0.050294839 0.088344000 -0.168584481 0.069139965 0.013200382 0.036429092 0.996854246
1305031453.827773 -0.056940973 0.091910757 -0.183930621 0.070197828 0.004690710 0.030567456 0.997053623
1305031453.859705 -0.089745529 0.104766741 -0.194171354 0.074028738 -0.000556798 0.021890266 0.997015715
1305031453.891710 -0.104267865 0.113715395 -0.201393738 0.074460693 -0.015308545 0.014419699 0.997002244
1305031453.927723 -0.117417395 0.120524958 -0.207300380 0.072336100 -0.033764787 0.010761415 0.996750534
1305031453.959641 -0.119843662 0.123286068 -0.214197561 0.069077350 -0.053313483 0.002726269 0.996182024
1305031453.991624 -0.130720377 0.122215852 -0.217230365 0.066287130 -0.065283984 -0.008212166 0.995628774
1305031454.027662 -0.143124640 0.123324834 -0.221912742 0.068095133 -0.077390648 -0.018285517 0.994504571
1305031454.059654 -0.153644457 0.131049827 -0.223275304 0.070326671 -0.089439183 -0.029827600 0.993058503
1305031454.091651 -0.163421229 0.126205623 -0.227288455 0.068166092 -0.102100179 -0.044253301 0.991448760
1305031454.127701 -0.184350669 0.129730895 -0.231837973 0.071852997 -0.113109484 -0.058062993 0.989278555
1305031454.159672 -0.194091856 0.139918149 -0.233188212 0.074575052 -0.128683314 -0.069540821 0.986429513
1305031454.191658 -0.212879181 0.139569849 -0.237673953 0.070837364 -0.142622262 -0.084923483 0.983579695
1305031454.227671 -0.223877132 0.131812766 -0.240099370 0.069884375 -0.160278201 -0.101940565 0.979303420
1305031454.259627 -0.226322472 0.140211925 -0.236673594 0.077465095 -0.174874470 -0.117107198 0.974527657
1305031454.291639 -0.236985311 0.145791247 -0.237827346 0.076485403 -0.181801498 -0.129691646 0.971739829
1305031454.327699 -0.254175603 0.140598193 -0.239545092 0.075759031 -0.190552905 -0.145592451 0.967860043
1305031454.359636 -0.259627938 0.144138783 -0.242058888 0.081963517 -0.202114001 -0.160384551 0.962657154
1305031454.391677 -0.266546875 0.150110364 -0.246824801 0.083773628 -0.209377155 -0.172613069 0.958826363
1305031454.427465 -0.279460013 0.154643908 -0.248745307 0.085739404 -0.220597178 -0.187803626 0.953265727
1305031454.459913 -0.277001828 0.156956613 -0.246454716 0.088311285 -0.233210430 -0.203080595 0.946875095
1305031454.491617 -0.282793254 0.164295465 -0.246703222 0.090942904 -0.237792343 -0.218072742 0.942140400
1305031454.527700 -0.287565380 0.176157787 -0.250153273 0.092317365 -0.242969647 -0.234068364 0.936832607
1305031454.559575 -0.293317676 0.185189724 -0.252071917 0.089973837 -0.248330176 -0.246932000 0.932341933
1305031454.591635 -0.301024258 0.192598581 -0.253109515 0.087765455 -0.257964551 -0.263815463 0.925285339
1305031454.627580 -0.300394654 0.192963168 -0.256234586 0.085010543 -0.271764249 -0.278355598 0.917298019
1305031454.659528 -0.296882451 0.211145714 -0.256540269 0.082398109 -0.285130173 -0.282193244 0.912292898
1305031454.691884 -0.297233999 0.216429368 -0.254337460 0.075323813 -0.300177068 -0.288973898 0.905932844
1305031454.727659 -0.291492403 0.221718073 -0.249828875 0.072249517 -0.315350592 -0.294129074 0.899345398
1305031454.759732 -0.279932737 0.219556272 -0.248416439 0.063504353 -0.324401200 -0.288169950 0.898715377
1305031454.791641 -0.276501447 0.229352608 -0.251323670 0.059205379 -0.326040566 -0.280815661 0.900741279
1305031454.827570 -0.268604040 0.237565279 -0.247863263 0.054952614 -0.328720868 -0.274055511 0.902117789
1305031454.859620 -0.264286518 0.241681620 -0.245670617 0.047729682 -0.326576769 -0.266915470 0.905442238
1305031454.891764 -0.260951161 0.252171725 -0.247734159 0.045065843 -0.320819527 -0.259614408 0.909749568
1305031454.927567 -0.259754717 0.260059208 -0.249763951 0.040787876 -0.314794302 -0.253724277 0.913709462
1305031454.959648 -0.261459529 0.269569784 -0.255430877 0.037339158 -0.307879776 -0.247866482 0.917811573
1305031454.991937 -0.265154839 0.278203130 -0.262803793 0.034545861 -0.303219557 -0.242227450 0.920972526
1305031455.027799 -0.265998065 0.291908592 -0.267022610 0.035099585 -0.302078664 -0.238832369 0.922212362
1305031455.059636 -0.271301538 0.299328029 -0.270909220 0.033669751 -0.298139751 -0.237173468 0.923973978
1305031455.091700 -0.275934398 0.310093135 -0.275091588 0.036875833 -0.294298083 -0.236263320 0.925315380
1305031455.127695 -0.281443894 0.322771072 -0.279667616 0.038876612 -0.289227486 -0.234452605 0.927290738
1305031455.159720 -0.294040561 0.334370315 -0.290236384 0.038166318 -0.281270385 -0.230911896 0.930650353
1305031455.191655 -0.304128528 0.343614966 -0.294443637 0.034764372 -0.276841134 -0.225280136 0.933487773
1305031455.227581 -0.313717782 0.349944562 -0.299404114 0.033679776 -0.273297757 -0.219504774 0.935944319
1305031455.259631 -0.320447445 0.364393324 -0.302969664 0.032470383 -0.268745810 -0.212549374 0.938905835
1305031455.291831 -0.334484607 0.365870684 -0.309855580 0.021479841 -0.261501133 -0.203466147 0.943269491
1305031455.327766 -0.346374005 0.375645280 -0.315526396 0.016138503 -0.258447468 -0.192533612 0.946506917
1305031455.359630 -0.352857947 0.385380685 -0.320305854 0.008029740 -0.256400049 -0.186170727 0.948438227
1305031455.391665 -0.365406156 0.383843094 -0.325562686 -0.004741078 -0.247968629 -0.178890690 0.952096283
1305031455.427642 -0.381172895 0.388843775 -0.331956893 -0.012115029 -0.239724502 -0.169393584 0.955871999
1305031455.459589 -0.396712691 0.391668707 -0.341985881 -0.016637469 -0.234102264 -0.160891473 0.958662271
1305031455.491637 -0.409939975 0.395751834 -0.349795163 -0.021578563 -0.229803786 -0.150557041 0.961278975
1305031455.527610 -0.428290635 0.399890214 -0.356514901 -0.024505809 -0.224627465 -0.137457326 0.964389682
1305031455.559669 -0.445170701 0.403580964 -0.366662294 -0.026238661 -0.224077746 -0.123864658 0.966311693
1305031455.591645 -0.462055594 0.405445725 -0.382190555 -0.029903727 -0.222663999 -0.109735042 0.968237996
1305031455.627617 -0.477984369 0.399635881 -0.387853265 -0.036721446 -0.220966846 -0.097357497 0.969714761
1305031455.659615 -0.496764600 0.394502521 -0.400505602 -0.035614684 -0.217268482 -0.091802761 0.971132517
1305031455.691605 -0.512981772 0.393827558 -0.412359715 -0.032503098 -0.214611962 -0.092478663 0.971768022
1305031455.727628 -0.530231059 0.398934335 -0.422332168 -0.027135530 -0.209803849 -0.097747922 0.972466648
1305031455.759683 -0.546071708 0.398040444 -0.435212761 -0.025201466 -0.203051031 -0.101055883 0.973613322
1305031455.791666 -0.562865674 0.387833416 -0.448139489 -0.025529902 -0.196750075 -0.099468954 0.975060821
1305031455.827590 -0.578693628 0.386550039 -0.463007838 -0.022355663 -0.192334861 -0.099913470 0.975973845
1305031455.859526 -0.593158066 0.380135655 -0.476695359 -0.023374228 -0.189359039 -0.100839131 0.976436555
1305031455.891657 -0.605166078 0.376115352 -0.488841563 -0.023312427 -0.186030611 -0.101231076 0.977037072
1305031455.927955 -0.618010283 0.369478822 -0.500016868 -0.024883443 -0.181465462 -0.102243766 0.977751195
1305031455.959716 -0.629256129 0.370729119 -0.511293054 -0.022847692 -0.177110419 -0.104787320 0.978330016
1305031455.991694 -0.642612696 0.369902402 -0.520117819 -0.023877040 -0.170594558 -0.107884459 0.979126334
1305031456.027770 -0.651514351 0.376254648 -0.529335618 -0.025992727 -0.164107308 -0.111678593 0.979755640
1305031456.059713 -0.667734981 0.367788613 -0.536512852 -0.036612071 -0.156604514 -0.120034620 0.979656219
1305031456.091707 -0.683108687 0.353936374 -0.542634070 -0.045221724 -0.150655538 -0.126003489 0.979480028
1305031456.127645 -0.695600629 0.347807705 -0.547284365 -0.046761669 -0.145406380 -0.127382562 0.980022490
1305031456.159731 -0.707691729 0.333619863 -0.551147819 -0.050518785 -0.139041334 -0.128747553 0.980581224
1305031456.191658 -0.714527488 0.323556781 -0.550620794 -0.046868622 -0.132400095 -0.125506118 0.982100725
1305031456.227678 -0.722652316 0.337290853 -0.556662500 -0.037680384 -0.121427782 -0.122202180 0.984328270
1305031456.291675 -0.750256181 0.318315595 -0.557146490 -0.039129529 -0.096589237 -0.116068423 0.987758875
1305031456.327718 -0.760487556 0.309889287 -0.554319263 -0.036206730 -0.086297847 -0.109136626 0.989611506
1305031456.391619 -0.785810828 0.301852822 -0.547410131 -0.032381106 -0.060277961 -0.100803822 0.992550552
1305031456.427662 -0.808509707 0.309843004 -0.543888271 -0.022476749 -0.045256373 -0.093785830 0.994309247
1305031456.491677 -0.844353616 0.325429469 -0.534995019 -0.025049636 -0.035250396 -0.080614157 0.995806873
1305031456.527641 -0.860066533 0.326801717 -0.523543775 -0.030988643 -0.035245292 -0.074739486 0.996098161
1305031456.591651 -0.879143655 0.333675563 -0.505403399 -0.030927550 -0.031200826 -0.063626774 0.997006357
1305031456.627612 -0.890849888 0.341653794 -0.496094227 -0.043330584 -0.024859486 -0.058166418 0.997056246
1305031456.691612 -0.927261412 0.326362491 -0.470822692 -0.057761442 -0.010886995 -0.041559126 0.997405648
1305031456.727693 -0.942897201 0.340523452 -0.463645279 -0.059348095 -0.008085217 -0.032292925 0.997682154
1305031456.791649 -0.974891782 0.329626709 -0.443960845 -0.065114394 -0.016574863 -0.017592233 0.997585058
1305031456.827603 -0.979246020 0.350447446 -0.432135582 -0.061215464 -0.021787969 -0.008930748 0.997846782
1305031456.891672 -0.998295248 0.341488123 -0.405469537 -0.074015863 -0.018183738 0.002902559 0.997087121
1305031456.927690 -1.007715464 0.350236356 -0.397362441 -0.066824362 -0.013090831 0.009454881 0.997634113
1305031456.959667 -1.024298668 0.365944445 -0.396132380 -0.064967982 -0.004596868 0.014619897 0.997769654
1305031456.991709 -1.036434770 0.359226614 -0.385005563 -0.076148853 0.000515655 0.016526679 0.996959388
1305031457.027648 -1.050328732 0.359436899 -0.380452037 -0.078033261 0.006099615 0.020118196 0.996729136
1305031457.091655 -1.074607134 0.365672082 -0.376575589 -0.089668691 0.017611707 0.029701119 0.995372891
1305031457.127632 -1.085476041 0.355210900 -0.374474704 -0.095920943 0.024126956 0.034285393 0.994505763
1305031457.191735 -1.117397308 0.359958082 -0.381832302 -0.091140516 0.043554436 0.047307443 0.993759751
1305031457.227543 -1.132786512 0.355016530 -0.384305120 -0.096071802 0.051672146 0.052660514 0.992636502
1305031457.291656 -1.157608867 0.342704892 -0.396134466 -0.088242084 0.067380056 0.065204710 0.991676152
1305031457.327548 -1.173739314 0.347386211 -0.406428128 -0.083102897 0.078267194 0.069415182 0.991034746
1305031457.391684 -1.207415104 0.332757592 -0.419332862 -0.079482056 0.103837147 0.081583701 0.988050938
1305031457.427641 -1.230770588 0.334187686 -0.427706391 -0.074345797 0.114579409 0.088479742 0.986668944
1305031457.491705 -1.257194877 0.315447658 -0.444701731 -0.075623214 0.118897855 0.097873889 0.985172749
1305031457.527638 -1.270434856 0.307772249 -0.454304069 -0.072032668 0.122395866 0.100431547 0.984755874
1305031457.559685 -1.284993410 0.304123700 -0.464384913 -0.067535549 0.127963424 0.105277762 0.983860254
1305031457.591678 -1.307080984 0.303153127 -0.470161200 -0.063041337 0.135276228 0.108285531 0.982853174
1305031457.627526 -1.322273374 0.287520766 -0.476633847 -0.065696262 0.137680054 0.110581122 0.982089639
1305031457.659632 -1.341890216 0.291224688 -0.484298021 -0.059828248 0.141404033 0.113720961 0.981576860
1305031457.691570 -1.356103659 0.284316599 -0.488750875 -0.065358296 0.142064929 0.116829149 0.980763435
1305031457.727669 -1.365065575 0.264750689 -0.492727250 -0.069918066 0.142188311 0.116802931 0.980434120
1305031457.759556 -1.378946304 0.252043247 -0.497570336 -0.068326965 0.144617721 0.114204690 0.980497062
1305031457.791567 -1.383408189 0.225121483 -0.499979824 -0.067096993 0.148137867 0.114273757 0.980048358
1305031457.827699 -1.407070637 0.238496214 -0.508234203 -0.050145138 0.159368664 0.112020373 0.979560435
1305031457.859623 -1.419916153 0.229371548 -0.511497855 -0.047992107 0.167677224 0.113045640 0.978162467
1305031457.891593 -1.438133359 0.203610718 -0.508704722 -0.044824999 0.177776575 0.113152646 0.976515651
1305031457.927633 -1.461682081 0.203724265 -0.510398149 -0.029169686 0.184925228 0.115840614 0.975465417
1305031457.991644 -1.486568093 0.191875592 -0.509583235 -0.016268736 0.187415928 0.121145085 0.974645853
1305031458.027845 -1.500412464 0.177297637 -0.502617240 -0.009176022 0.192941383 0.119942255 0.973808646
1305031458.059689 -1.517844796 0.186941028 -0.499651074 0.003215654 0.198678300 0.121930100 0.972445250
1305031458.091690 -1.533353090 0.187848747 -0.491682172 0.004406088 0.203683093 0.124085337 0.971131682
1305031458.127605 -1.549706340 0.174311340 -0.479683638 0.001044837 0.209493354 0.124513276 0.969849527
1305031458.159638 -1.568662643 0.163868755 -0.464713335 0.001991780 0.214518458 0.126263291 0.968522310
1305031458.191646 -1.588768125 0.167788953 -0.450138897 0.004369211 0.216315836 0.130128175 0.967602730
1305031458.227611 -1.603570700 0.161270961 -0.434481889 -0.003528981 0.214592233 0.131013572 0.967870474
1305031458.259934 -1.613631248 0.122612484 -0.415256709 -0.013076033 0.213373646 0.129762352 0.968226433
1305031458.291664 -1.639882088 0.124574885 -0.399857789 -0.001922595 0.213581890 0.128733546 0.968404293
1305031458.327628 -1.648395777 0.123467602 -0.382668406 0.001075849 0.207470596 0.132134169 0.969275773
1305031458.359590 -1.657513022 0.098343842 -0.366434544 0.004327415 0.204787388 0.132846564 0.969739735
1305031458.391626 -1.668805242 0.107060313 -0.350172311 0.020109644 0.202940002 0.135042980 0.969625950
1305031458.427598 -1.671571255 0.110802978 -0.334854990 0.030710030 0.201738447 0.143426672 0.968394220
1305031458.459637 -1.660805225 0.102833033 -0.325485200 0.041892719 0.203255132 0.150326073 0.966609776
1305031458.491696 -1.660007954 0.081963971 -0.308775932 0.057618268 0.213469923 0.149261907 0.963759124
1305031458.527737 -1.681335211 0.118939638 -0.282731682 0.085161887 0.228498682 0.143855318 0.959083676
1305031458.559628 -1.684952617 0.126057014 -0.261655509 0.093632966 0.237608716 0.140528858 0.956570268
1305031458.591641 -1.702340603 0.126215443 -0.235824868 0.103160881 0.248460114 0.133225694 0.953874409
1305031458.627659 -1.707772374 0.158645198 -0.205665663 0.112562649 0.248504788 0.128654614 0.953427076
1305031458.659623 -1.724813461 0.154634863 -0.185291678 0.104962692 0.247717544 0.129692867 0.954357743
1305031458.691674 -1.735667229 0.152569637 -0.167353153 0.097282000 0.235456690 0.121821538 0.959299743
1305031458.727650 -1.719518304 0.152655274 -0.145807996 0.096557692 0.217740238 0.113779448 0.964531004
1305031458.759945 -1.718575597 0.161428094 -0.119443506 0.104126118 0.203017458 0.100904107 0.968380153
1305031458.791632 -1.708634496 0.178696781 -0.103650346 0.106258512 0.184662864 0.090869725 0.972805977
1305031458.827564 -1.701175690 0.177862853 -0.093447626 0.099337213 0.174558043 0.089089535 0.975563824
1305031458.891665 -1.688546658 0.166940451 -0.077470884 0.102884814 0.168175817 0.080751389 0.977041900
1305031458.927621 -1.692553282 0.178660363 -0.067764506 0.105412625 0.172368914 0.085627325 0.975625515
1305031458.959617 -1.701371431 0.165759727 -0.060640592 0.095779300 0.180587187 0.100829184 0.973677635
1305031458.991647 -1.710216761 0.135709822 -0.049260076 0.091976553 0.187142611 0.106078841 0.972247541
1305031459.027665 -1.739001513 0.131039739 -0.023803808 0.104319334 0.192024648 0.102010690 0.970483363
1305031459.059631 -1.756600976 0.118540034 -0.010506377 0.112604298 0.184788018 0.111364543 0.969933808
1305031459.127618 -1.576445818 0.599216700 0.480727881 0.287176788 0.067957886 0.159852862 0.941996992
1305031459.159639 -1.828820944 0.081620909 -0.015375813 0.140089199 0.126659155 0.126527160 0.973818958
1305031459.191674 -1.828820944 0.081620909 -0.015375813 0.140089199 0.126659155 0.126527160 0.973818958
1305031459.191674 -1.828820944 0.081620909 -0.015375813 0.140089199 0.126659155 0.126527160 0.973818958
1305031459.259760 -1.829525471 0.097191088 0.034306392 0.154650241 0.086701445 0.151320428 0.972454786
1305031459.327632 -1.822901964 0.098836422 0.040061735 0.147753105 0.111412436 0.173235953 0.967339516
1305031459.327632 -1.822901964 0.098836422 0.040061735 0.147753105 0.111412436 0.173235953 0.967339516
1305031459.327632 -1.822901964 0.098836422 0.040061735 0.147753105 0.111412436 0.173235953 0.967339516
1305031459.327632 -1.822901964 0.098836422 0.040061735 0.147753105 0.111412436 0.173235953 0.967339516
1305031459.327632 -1.822901964 0.098836422 0.040061735 0.147753105 0.111412436 0.173235953 0.967339516
1305031459.327632 -1.822901964 0.098836422 0.040061735 0.147753105 0.111412436 0.173235953 0.967339516
1305031459.327632 -1.822901964 0.098836422 0.040061735 0.147753105 0.111412436 0.173235953 0.967339516
1305031459.327632 -1.822901964 0.098836422 0.040061735 0.147753105 0.111412436 0.173235953 0.967339516
1305031459.327632 -1.822901964 0.098836422 0.040061735 0.147753105 0.111412436 0.173235953 0.967339516
1305031459.327632 -1.822901964 0.098836422 0.040061735 0.147753105 0.111412436 0.173235953 0.967339516
1305031459.327632 -1.822901964 0.098836422 0.040061735 0.147753105 0.111412436 0.173235953 0.967339516
1305031459.327632 -1.822901964 0.098836422 0.040061735 0.147753105 0.111412436 0.173235953 0.967339516
1305031459.327632 -1.822901964 0.098836422 0.040061735 0.147753105 0.111412436 0.173235953 0.967339516
1305031459.327632 -1.822901964 0.098836422 0.040061735 0.147753105 0.111412436 0.173235953 0.967339516
1305031459.327632 -1.822901964 0.098836422 0.040061735 0.147753105 0.111412436 0.173235953 0.967339516
1305031459.327632 -1.822901964 0.098836422 0.040061735 0.147753105 0.111412436 0.173235953 0.967339516
1305031459.327632 -1.822901964 0.098836422 0.040061735 0.147753105 0.111412436 0.173235953 0.967339516
1305031459.327632 -1.822901964 0.098836422 0.040061735 0.147753105 0.111412436 0.173235953 0.967339516
1305031459.327632 -1.822901964 0.098836422 0.040061735 0.147753105 0.111412436 0.173235953 0.967339516
1305031459.327632 -1.822901964 0.098836422 0.040061735 0.147753105 0.111412436 0.173235953 0.967339516
1305031459.327632 -1.822901964 0.098836422 0.040061735 0.147753105 0.111412436 0.173235953 0.967339516
1305031459.327632 -1.822901964 0.098836422 0.040061735 0.147753105 0.111412436 0.173235953 0.967339516
1305031459.327632 -1.822901964 0.098836422 0.040061735 0.147753105 0.111412436 0.173235953 0.967339516
1305031459.327632 -1.822901964 0.098836422 0.040061735 0.147753105 0.111412436 0.173235953 0.967339516
1305031459.327632 -1.822901964 0.098836422 0.040061735 0.147753105 0.111412436 0.173235953 0.967339516
1305031459.327632 -1.822901964 0.098836422 0.040061735 0.147753105 0.111412436 0.173235953 0.967339516
1305031459.327632 -1.822901964 0.098836422 0.040061735 0.147753105 0.111412436 0.173235953 0.967339516
1305031459.327632 -1.822901964 0.098836422 0.040061735 0.147753105 0.111412436 0.173235953 0.967339516
1305031459.327632 -1.822901964 0.098836422 0.040061735 0.147753105 0.111412436 0.173235953 0.967339516
1305031459.327632 -1.822901964 0.098836422 0.040061735 0.147753105 0.111412436 0.173235953 0.967339516
1305031459.327632 -1.822901964 0.098836422 0.040061735 0.147753105 0.111412436 0.173235953 0.967339516
1305031459.327632 -1.822901964 0.098836422 0.040061735 0.147753105 0.111412436 0.173235953 0.967339516
1305031459.327632 -1.822901964 0.098836422 0.040061735 0.147753105 0.111412436 0.173235953 0.967339516
1305031459.327632 -1.822901964 0.098836422 0.040061735 0.147753105 0.111412436 0.173235953 0.967339516
1305031459.327632 -1.822901964 0.098836422 0.040061735 0.147753105 0.111412436 0.173235953 0.967339516
1305031459.327632 -1.822901964 0.098836422 0.040061735 0.147753105 0.111412436 0.173235953 0.967339516
1305031459.327632 -1.822901964 0.098836422 0.040061735 0.147753105 0.111412436 0.173235953 0.967339516
1305031459.327632 -1.822901964 0.098836422 0.040061735 0.147753105 0.111412436 0.173235953 0.967339516
1305031459.327632 -1.822901964 0.098836422 0.040061735 0.147753105 0.111412436 0.173235953 0.967339516
1305031459.327632 -1.822901964 0.098836422 0.040061735 0.147753105 0.111412436 0.173235953 0.967339516
1305031459.327632 -1.822901964 0.098836422 0.040061735 0.147753105 0.111412436 0.173235953 0.967339516
1305031459.327632 -1.822901964 0.098836422 0.040061735 0.147753105 0.111412436 0.173235953 0.967339516
1305031459.327632 -1.822901964 0.098836422 0.040061735 0.147753105 0.111412436 0.173235953 0.967339516
1305031459.327632 -1.822901964 0.098836422 0.040061735 0.147753105 0.111412436 0.173235953 0.967339516
1305031459.327632 -1.822901964 0.098836422 0.040061735 0.147753105 0.111412436 0.173235953 0.967339516
1305031459.327632 -1.822901964 0.098836422 0.040061735 0.147753105 0.111412436 0.173235953 0.967339516
1305031459.327632 -1.822901964 0.098836422 0.040061735 0.147753105 0.111412436 0.173235953 0.967339516
1305031459.327632 -1.822901964 0.098836422 0.040061735 0.147753105 0.111412436 0.173235953 0.967339516
1305031459.327632 -1.822901964 0.098836422 0.040061735 0.147753105 0.111412436 0.173235953 0.967339516
1305031459.327632 -1.822901964 0.098836422 0.040061735 0.147753105 0.111412436 0.173235953 0.967339516
1305031459.327632 -1.822901964 0.098836422 0.040061735 0.147753105 0.111412436 0.173235953 0.967339516
1305031459.327632 -1.822901964 0.098836422 0.040061735 0.147753105 0.111412436 0.173235953 0.967339516
1305031459.327632 -1.822901964 0.098836422 0.040061735 0.147753105 0.111412436 0.173235953 0.967339516
1305031459.327632 -1.822901964 0.098836422 0.040061735 0.147753105 0.111412436 0.173235953 0.967339516
1305031459.327632 -1.822901964 0.098836422 0.040061735 0.147753105 0.111412436 0.173235953 0.967339516
1305031459.327632 -1.822901964 0.098836422 0.040061735 0.147753105 0.111412436 0.173235953 0.967339516
1305031459.327632 -1.822901964 0.098836422 0.040061735 0.147753105 0.111412436 0.173235953 0.967339516
1305031459.327632 -1.822901964 0.098836422 0.040061735 0.147753105 0.111412436 0.173235953 0.967339516
1305031459.327632 -1.822901964 0.098836422 0.040061735 0.147753105 0.111412436 0.173235953 0.967339516
1305031459.327632 -1.822901964 0.098836422 0.040061735 0.147753105 0.111412436 0.173235953 0.967339516
1305031459.327632 -1.822901964 0.098836422 0.040061735 0.147753105 0.111412436 0.173235953 0.967339516
1305031459.327632 -1.822901964 0.098836422 0.040061735 0.147753105 0.111412436 0.173235953 0.967339516
1305031459.327632 -1.822901964 0.098836422 0.040061735 0.147753105 0.111412436 0.173235953 0.967339516
1305031459.327632 -1.822901964 0.098836422 0.040061735 0.147753105 0.111412436 0.173235953 0.967339516
1305031459.327632 -1.822901964 0.098836422 0.040061735 0.147753105 0.111412436 0.173235953 0.967339516
1305031459.327632 -1.822901964 0.098836422 0.040061735 0.147753105 0.111412436 0.173235953 0.967339516
1305031459.327632 -1.822901964 0.098836422 0.040061735 0.147753105 0.111412436 0.173235953 0.967339516
1305031459.327632 -1.822901964 0.098836422 0.040061735 0.147753105 0.111412436 0.173235953 0.967339516
1305031459.327632 -1.822901964 0.098836422 0.040061735 0.147753105 0.111412436 0.173235953 0.967339516
1305031459.327632 -1.822901964 0.098836422 0.040061735 0.147753105 0.111412436 0.173235953 0.967339516
1305031459.327632 -1.822901964 0.098836422 0.040061735 0.147753105 0.111412436 0.173235953 0.967339516
1305031459.327632 -1.822901964 0.098836422 0.040061735 0.147753105 0.111412436 0.173235953 0.967339516
1305031459.327632 -1.822901964 0.098836422 0.040061735 0.147753105 0.111412436 0.173235953 0.967339516
1305031459.327632 -1.822901964 0.098836422 0.040061735 0.147753105 0.111412436 0.173235953 0.967339516
1305031459.327632 -1.822901964 0.098836422 0.040061735 0.147753105 0.111412436 0.173235953 0.967339516
1305031459.327632 -1.822901964 0.098836422 0.040061735 0.147753105 0.111412436 0.173235953 0.967339516
1305031459.327632 -1.822901964 0.098836422 0.040061735 0.147753105 0.111412436 0.173235953 0.967339516
1305031459.327632 -1.822901964 0.098836422 0.040061735 0.147753105 0.111412436 0.173235953 0.967339516
1305031459.327632 -1.822901964 0.098836422 0.040061735 0.147753105 0.111412436 0.173235953 0.967339516
1305031459.327632 -1.822901964 0.098836422 0.040061735 0.147753105 0.111412436 0.173235953 0.967339516
1305031459.327632 -1.822901964 0.098836422 0.040061735 0.147753105 0.111412436 0.173235953 0.967339516
1305031459.327632 -1.822901964 0.098836422 0.040061735 0.147753105 0.111412436 0.173235953 0.967339516
1305031459.327632 -1.822901964 0.098836422 0.040061735 0.147753105 0.111412436 0.173235953 0.967339516
1305031459.327632 -1.822901964 0.098836422 0.040061735 0.147753105 0.111412436 0.173235953 0.967339516
1305031462.391695 -2.031873703 -0.221578956 0.480730474 -0.070329666 0.476041555 0.565689862 0.669651568
1305031462.427635 -2.039630890 -0.216325283 0.485267282 -0.079787366 0.469673663 0.563526750 0.674891353
1305031462.459897 -2.050427437 -0.211900592 0.490692377 -0.088660419 0.462634444 0.559937418 0.681600273
1305031462.492008 -2.057420492 -0.204628706 0.489196658 -0.097869754 0.451613933 0.559281945 0.688236952
1305031462.527670 -2.065142155 -0.199552417 0.491930246 -0.103984393 0.444068909 0.556474924 0.694496751
1305031462.559862 -2.072881699 -0.192814231 0.485859931 -0.108045273 0.432758152 0.551852107 0.704631746
1305031462.591862 -2.079006672 -0.189583063 0.480424821 -0.113058671 0.427171111 0.545997202 0.711779296
1305031462.627851 -2.090464354 -0.181140423 0.475170851 -0.114526965 0.423877060 0.536001980 0.721050441
1305031462.659660 -2.097250223 -0.174553275 0.469849348 -0.115881898 0.421950817 0.526692629 0.728782475
1305031462.692548 -2.108542681 -0.170726418 0.466298521 -0.114589356 0.421148628 0.517123699 0.736265063
1305031462.727652 -2.119067192 -0.166684389 0.462589145 -0.116522782 0.416282386 0.507222474 0.745558023
1305031462.759782 -2.128198624 -0.158134699 0.451856792 -0.116874464 0.407194436 0.498089284 0.756597757
1305031462.791943 -2.138036251 -0.147071242 0.440571964 -0.116074555 0.400380462 0.490633011 0.765180707
1305031462.827816 -2.152205944 -0.132594347 0.429364681 -0.113249652 0.394408584 0.483856350 0.772980869
1305031462.859782 -2.158174038 -0.117164731 0.416932881 -0.115127228 0.387854725 0.478366196 0.779410243
1305031462.891847 -2.164417982 -0.105748773 0.402008057 -0.115057923 0.385854572 0.475185901 0.782353044
1305031462.927607 -2.168425322 -0.096475840 0.386700630 -0.114773743 0.383451134 0.473737866 0.784451902
1305031462.959676 -2.171238422 -0.087290168 0.371948719 -0.113265336 0.379315943 0.471897930 0.787783444
1305031462.995550 -2.172607422 -0.079481125 0.358329117 -0.109371126 0.376061022 0.467963159 0.792228878
1305031463.027667 -2.172745705 -0.074233234 0.342116237 -0.105895765 0.372292340 0.461819261 0.798064828
1305031463.059810 -2.180034399 -0.064621091 0.326531112 -0.099582203 0.367325068 0.453903735 0.805684268
1305031463.095809 -2.184198856 -0.051028430 0.311952710 -0.097151339 0.362629682 0.443708986 0.813746691
1305031463.127550 -2.181831837 -0.041855991 0.295591712 -0.093930766 0.359511346 0.435027689 0.820170462
1305031463.159787 -2.187434673 -0.036360860 0.280362368 -0.090535171 0.359031796 0.425473183 0.825755537
1305031463.195657 -2.193032980 -0.021218121 0.264126122 -0.088291921 0.356535554 0.416675180 0.831546009
1305031463.227784 -2.186575651 -0.015826046 0.250351071 -0.091320269 0.352561980 0.413665295 0.834410965
1305031463.260034 -2.183832645 -0.001098692 0.236630380 -0.081991427 0.352327824 0.408600390 0.837966740
1305031463.295737 -2.186053038 0.002827466 0.220614910 -0.082127079 0.351617575 0.403281271 0.840823710
1305031463.327739 -2.180098534 0.011830807 0.208326638 -0.081758521 0.346387804 0.401814759 0.843727410
1305031463.359750 -2.173922062 0.017862260 0.196007371 -0.076720990 0.342531174 0.399073869 0.847069323
1305031463.395630 -2.172509909 0.032936931 0.181895077 -0.070409149 0.337694287 0.393653780 0.852080941
1305031463.427716 -2.165646791 0.047150075 0.170840502 -0.069141455 0.333793670 0.389534771 0.855607331
1305031463.459756 -2.159314871 0.061941028 0.157377005 -0.066967964 0.332131535 0.385924399 0.858059704
1305031463.495629 -2.149168015 0.071529984 0.138248622 -0.068779908 0.329744637 0.386134893 0.858741939
1305031463.527670 -2.135532856 0.077145219 0.121439755 -0.070785031 0.330902576 0.384802431 0.858731747
1305031463.559751 -2.132451773 0.088363767 0.111491442 -0.065363750 0.335654706 0.384030133 0.857662201
1305031463.595600 -2.125917435 0.096503258 0.098665595 -0.065240443 0.333143741 0.383848041 0.858731389
1305031463.627588 -2.111426353 0.094634652 0.077293694 -0.068027690 0.328771204 0.384081513 0.860094905
1305031463.659766 -2.102630138 0.104158044 0.060157120 -0.058730856 0.330521017 0.379302621 0.862227380
1305031463.695640 -2.101993561 0.116215885 0.046566308 -0.052263077 0.332935423 0.373726845 0.864147484
1305031463.727588 -2.081865311 0.118389487 0.023584187 -0.055310920 0.327074915 0.373136014 0.866448045
1305031463.759674 -2.063107014 0.110893130 -0.002886891 -0.055983324 0.327084392 0.368740559 0.868281126
1305031463.795647 -2.057603359 0.121732235 -0.016905248 -0.047817305 0.331827581 0.357187361 0.871791959
1305031463.827761 -2.045476437 0.117544353 -0.040148616 -0.051759001 0.331258684 0.347395808 0.875731111
1305031463.859910 -2.028549910 0.118906915 -0.061436653 -0.050068542 0.330585778 0.338337094 0.879621685
1305031463.895648 -2.028070927 0.112080812 -0.083554924 -0.049329348 0.335802406 0.329029739 0.881216645
1305031463.927664 -2.020474672 0.106979281 -0.100134075 -0.050282009 0.335073799 0.323589832 0.883451700
1305031463.959680 -2.008089066 0.102176636 -0.121154308 -0.049163267 0.329806864 0.318647623 0.887284696
1305031463.995821 -2.002955198 0.100970179 -0.137260020 -0.044692732 0.328976333 0.310196429 0.890817225
1305031464.027703 -1.992877603 0.101796329 -0.158018112 -0.043221477 0.324133426 0.302062392 0.895448387
1305031464.059652 -1.979781389 0.092908591 -0.179721653 -0.045299441 0.321781456 0.293962538 0.898883104
1305031464.095634 -1.975443840 0.088811845 -0.197606742 -0.041904416 0.324133039 0.284423620 0.901268542
1305031464.127681 -1.977587342 0.080916673 -0.214002490 -0.039706659 0.326277792 0.278656632 0.902395010
1305031464.159817 -1.973745465 0.068578631 -0.224888921 -0.036340307 0.324043542 0.276207149 0.904093444
1305031464.195585 -1.969847679 0.058424026 -0.240627527 -0.026618220 0.317930490 0.272181034 0.907815576
1305031464.227624 -1.972029924 0.067630023 -0.254839242 -0.010520042 0.308722466 0.266755193 0.912919164
1305031464.259644 -1.974531651 0.071150124 -0.265711963 -0.000518676 0.296508014 0.264252663 0.917743564
1305031464.295667 -1.965056300 0.072783649 -0.281566441 0.003888131 0.277901173 0.259983271 0.924751103
1305031464.327866 -1.952271819 0.068720847 -0.298739284 0.003919371 0.262742579 0.253384233 0.930992723
1305031464.359684 -1.936464310 0.064877898 -0.319285810 0.007901935 0.250947446 0.248946935 0.935408175
1305031464.395611 -1.919962645 0.072497308 -0.339407802 0.014150544 0.242600694 0.241376415 0.939511657
1305031464.427634 -1.909426928 0.075750932 -0.358030438 0.015608919 0.240714535 0.231771082 0.942387998
1305031464.459689 -1.905157447 0.068740129 -0.371671677 0.015772136 0.240410417 0.222155079 0.944775760
1305031464.495633 -1.891242981 0.066965640 -0.398030460 0.016708879 0.236076638 0.216197938 0.947231293
1305031464.527574 -1.885942936 0.068381220 -0.416984260 0.017830070 0.236243069 0.208318949 0.948933363
1305031464.559703 -1.870794535 0.066377357 -0.436931193 0.013972919 0.232327268 0.197153643 0.952344060
1305031464.595698 -1.840601802 0.049897686 -0.468964756 0.011188603 0.230589420 0.187862307 0.954678595
1305031464.627672 -1.825886607 0.041730583 -0.490462452 0.017901417 0.241471231 0.179380611 0.953516603
1305031464.659749 -1.815631270 0.028410152 -0.528346360 0.021617178 0.251991421 0.166640684 0.953028858
1305031464.695663 -1.817199588 0.018253773 -0.533244133 0.030956678 0.267173856 0.145273373 0.952132106
1305031464.727652 -1.823785067 0.024703473 -0.529996037 0.050407704 0.278413981 0.123848408 0.951107919
1305031464.759740 -1.829076529 0.041099444 -0.530773759 0.064281851 0.280907810 0.101116076 0.952225924
1305031464.796021 -1.826859474 0.021694906 -0.546007097 0.065626256 0.276148200 0.084756494 0.955118716
1305031464.827759 -1.831498146 0.023866147 -0.532302320 0.077431731 0.267867267 0.067726374 0.957948148
1305031464.859654 -1.819921017 0.029931881 -0.541076362 0.083919026 0.249340788 0.052270267 0.963355958
1305031464.895817 -1.805921555 0.032563433 -0.544488072 0.080438294 0.232116386 0.031175364 0.968854964
1305031464.927799 -1.772359490 0.017042909 -0.552943289 0.073961288 0.214845374 0.011292850 0.973778009
1305031464.959763 -1.752456427 0.010716558 -0.553339481 0.075218201 0.207697466 -0.006991188 0.975271881
1305031464.995687 -1.724294186 0.013545752 -0.551964879 0.080439568 0.202678040 -0.024825634 0.975620270
1305031465.027823 -1.721636653 0.014261249 -0.539789617 0.081576541 0.204686850 -0.047302328 0.974274695
1305031465.059749 -1.710974693 0.033759911 -0.518542051 0.089290164 0.199050903 -0.067141891 0.973600626
1305031465.095700 -1.693752408 0.083212696 -0.507745504 0.092528746 0.185151950 -0.080634415 0.975015581
1305031465.127664 -1.655050874 0.092637002 -0.509910405 0.073365219 0.164435878 -0.093314804 0.979219437
1305031465.159842 -1.639815569 0.095760763 -0.490869582 0.055400915 0.153028697 -0.100364044 0.981549799
1305031465.195564 -1.624342084 0.099460997 -0.469810784 0.042089034 0.142982185 -0.106292039 0.983100533
1305031465.227907 -1.604174495 0.112853929 -0.463658601 0.031741966 0.132412896 -0.112430811 0.984285891
1305031465.259807 -1.586216927 0.104957208 -0.452296853 0.015610185 0.121292606 -0.111955188 0.986159444
1305031465.295623 -1.563399792 0.115999468 -0.445879281 0.013031666 0.109166220 -0.101514533 0.988740444
1305031465.327674 -1.541084290 0.129436240 -0.433328211 0.007945226 0.094198719 -0.084272005 0.991948485
1305031465.359948 -1.530674577 0.130948186 -0.429970056 0.003953573 0.079060085 -0.074460767 0.994077206
1305031465.395586 -1.499566078 0.138322055 -0.426427245 0.006296598 0.057551067 -0.061860889 0.996404290
1305031465.427697 -1.468871474 0.148618057 -0.429204583 0.010323138 0.040866092 -0.051254794 0.997795701
1305031465.460125 -1.443930507 0.168248862 -0.428484410 0.016390335 0.027818874 -0.036714159 0.998804092
1305031465.495703 -1.421131253 0.192723781 -0.429599017 0.018721236 0.016162299 -0.027328281 0.999320507
1305031465.527622 -1.393957019 0.188574314 -0.428850979 0.013974374 0.003192243 -0.023268651 0.999626577
1305031465.559812 -1.360283136 0.205820397 -0.436012000 0.023360150 -0.010171728 -0.016204638 0.999544024
1305031465.595599 -1.332008958 0.227605850 -0.438119978 0.031753667 -0.017815273 -0.008274829 0.999302685
1305031465.627688 -1.321033478 0.241448671 -0.442858011 0.036338016 -0.019755388 0.001272170 0.999143541
1305031465.660060 -1.304617167 0.255066723 -0.452702582 0.041038349 -0.029351830 0.008463281 0.998690546
1305031465.695668 -1.263037682 0.270227164 -0.460889876 0.047071218 -0.043801934 0.017392742 0.997779131
1305031465.727682 -1.243607402 0.288995206 -0.466685325 0.055503171 -0.046939962 0.025733387 0.997022510
1305031465.759766 -1.217374086 0.314117581 -0.471260518 0.065056376 -0.054122616 0.034851976 0.995803118
1305031465.795937 -1.192636728 0.332680225 -0.475696683 0.070903748 -0.058652531 0.042064343 0.994868457
1305031465.827996 -1.170050383 0.346808136 -0.479777217 0.079106890 -0.062545106 0.047347732 0.993774891
1305031465.859861 -1.142476916 0.377699465 -0.490520328 0.092656098 -0.066556804 0.052960467 0.992058575
1305031465.895494 -1.112254620 0.399676234 -0.495790005 0.094767831 -0.065708756 0.058074076 0.991629362
1305031465.927495 -1.088766932 0.414576054 -0.495002002 0.099974021 -0.059701070 0.057836354 0.991512001
1305031465.959710 -1.070452929 0.440358788 -0.497863591 0.112994812 -0.051399447 0.056797579 0.990638375
1305031465.995753 -1.052558899 0.466166228 -0.493326455 0.121200852 -0.046461083 0.054174788 0.990059078
1305031466.027644 -1.040192604 0.491679698 -0.499457747 0.128136545 -0.043764144 0.052186809 0.989415109
1305031466.059757 -1.029056311 0.520037472 -0.504096925 0.128638566 -0.041862909 0.053376473 0.989368796
1305031466.095840 -1.016010642 0.541352630 -0.510302603 0.124890484 -0.043891948 0.054074012 0.989723146
1305031466.127640 -0.999235213 0.562429905 -0.516825736 0.119853474 -0.050210796 0.053811617 0.990059793
1305031466.160428 -0.987887502 0.578918636 -0.523649037 0.114852183 -0.055973150 0.056000270 0.990222216
1305031466.195833 -0.973207295 0.591595948 -0.530609429 0.105417721 -0.066953897 0.057027854 0.990531266
1305031466.227951 -0.954120100 0.606242120 -0.543731630 0.094780587 -0.077735774 0.050930213 0.991150796
1305031466.259815 -0.929377437 0.611407638 -0.552278101 0.091396615 -0.082902193 0.045219384 0.991326928
1305031466.295737 -0.909655273 0.623407245 -0.569454670 0.093715958 -0.078489333 0.033501782 0.991934717
1305031466.327702 -0.894738793 0.637327552 -0.582739949 0.094122544 -0.068234079 0.024189226 0.992924929
1305031466.359829 -0.881936848 0.647923708 -0.594755352 0.088956259 -0.059293907 0.017449537 0.994115949
1305031466.395784 -0.868692398 0.644440591 -0.605883360 0.086106971 -0.055834372 0.013433252 0.994629383
1305031466.427819 -0.860105872 0.659116328 -0.618347287 0.094361551 -0.056285143 0.008784860 0.993906796
1305031466.459790 -0.843554378 0.675175130 -0.629568756 0.095334679 -0.061754737 0.004447431 0.993517995
1305031466.495809 -0.818877995 0.679734349 -0.636515498 0.089471988 -0.068973087 0.005168581 0.993584812
1305031466.527538 -0.793375611 0.684641361 -0.642415166 0.086919524 -0.069267683 0.004970399 0.993791878
1305031466.560353 -0.774810731 0.698514521 -0.652041018 0.085827246 -0.065807328 0.003990058 0.994126379
1305031466.595936 -0.752999127 0.713734448 -0.653354764 0.079903506 -0.067271426 0.000671866 0.994529843
1305031466.627549 -0.728338659 0.702550530 -0.657451332 0.068715237 -0.066437371 -0.003288467 0.995416224
1305031466.659688 -0.713444769 0.710604310 -0.661113083 0.076359048 -0.061547346 -0.009284302 0.995135725
1305031466.695822 -0.693675518 0.730308652 -0.665469229 0.080065139 -0.063308537 -0.015468875 0.994656861
1305031466.728074 -0.673371553 0.729942083 -0.668747485 0.071728572 -0.066276208 -0.026127987 0.994876862
1305031466.759637 -0.649807394 0.722672701 -0.670061588 0.070768505 -0.067628473 -0.033931926 0.994618952
1305031466.795604 -0.639536977 0.739638865 -0.674196243 0.081207328 -0.065788932 -0.041352842 0.993663490
1305031466.827879 -0.619792819 0.748678684 -0.677880764 0.079201750 -0.071538672 -0.043995641 0.993314505
1305031466.859665 -0.606929421 0.745347559 -0.679541349 0.076008812 -0.076830067 -0.044680651 0.993138194
1305031466.895694 -0.594170690 0.749498248 -0.686090112 0.079651624 -0.087156013 -0.045494787 0.991962552
1305031466.927756 -0.569685042 0.754969656 -0.689359188 0.081303328 -0.105151229 -0.048305072 0.989949286
1305031466.959728 -0.546787083 0.755423963 -0.687796652 0.082029656 -0.117963925 -0.050118536 0.988354146
1305031466.995712 -0.528311789 0.758373439 -0.693086743 0.083188318 -0.123038098 -0.054037359 0.987431705
1305031467.027843 -0.511711836 0.758817077 -0.695742607 0.083214067 -0.127815858 -0.058821369 0.986548781
1305031467.059700 -0.491196811 0.761135280 -0.700303495 0.083272330 -0.131466493 -0.062024757 0.985867798
1305031467.095687 -0.476089090 0.766278446 -0.701413572 0.082411289 -0.132644087 -0.067810163 0.985401273
1305031467.128974 -0.463214993 0.766331494 -0.701190710 0.083196491 -0.134957761 -0.078431301 0.984232366
1305031467.159660 -0.445930928 0.770359397 -0.703851044 0.085849628 -0.138540819 -0.085677452 0.982901692
1305031467.195663 -0.433375478 0.774264157 -0.705083072 0.087748960 -0.143243477 -0.089283533 0.981738269
1305031467.227704 -0.417675197 0.774557412 -0.707553566 0.088436447 -0.150524423 -0.095879927 0.979963541
1305031467.259694 -0.402525604 0.774890602 -0.710080087 0.090187877 -0.156272516 -0.100864969 0.978402495
1305031467.295846 -0.388640821 0.780031025 -0.710907340 0.093847945 -0.161538407 -0.107582375 0.976485491
1305031467.328008 -0.372260690 0.782386780 -0.714885950 0.095183685 -0.168091595 -0.111902684 0.974763155
1305031467.359654 -0.357550651 0.790139854 -0.718807101 0.093615100 -0.174565703 -0.113591656 0.973581016
1305031467.395756 -0.341347158 0.792834640 -0.720520616 0.088540480 -0.182828486 -0.119381964 0.971844792
1305031467.427783 -0.326228887 0.789909005 -0.720976949 0.086212434 -0.189035878 -0.124708578 0.970196187
1305031467.459692 -0.310559332 0.793682933 -0.724145174 0.086757451 -0.196126342 -0.125064746 0.968693137
1305031467.496058 -0.293116748 0.797665119 -0.731309950 0.082970552 -0.203309447 -0.130823612 0.966781437
1305031467.527663 -0.277720243 0.798004806 -0.730305910 0.078739725 -0.206838012 -0.139309630 0.965200007
1305031467.559763 -0.263831019 0.795783103 -0.729517579 0.078768753 -0.208036125 -0.142216206 0.964515984
1305031467.595989 -0.249784186 0.796366036 -0.730630577 0.078536741 -0.209826902 -0.140107512 0.964455664
1305031467.627532 -0.235407472 0.785550356 -0.729016542 0.077484533 -0.215643331 -0.139474854 0.963348806
1305031467.659626 -0.224657953 0.786342502 -0.722677171 0.086450420 -0.221574023 -0.136021867 0.961732507
1305031467.695886 -0.212824255 0.784630656 -0.720216453 0.090073802 -0.225161612 -0.138360202 0.960232019
1305031467.727535 -0.201923758 0.770389020 -0.716369033 0.091456495 -0.227678820 -0.143635690 0.958731949
1305031467.759907 -0.186803415 0.761199772 -0.713419914 0.096939728 -0.231083587 -0.144300014 0.957277715
1305031467.796075 -0.176743895 0.756165147 -0.705643296 0.101290457 -0.234425545 -0.146729678 0.955643952
1305031467.827800 -0.167082593 0.741991043 -0.694423735 0.104835987 -0.238266885 -0.147540867 0.954185545
1305031467.859729 -0.161184758 0.734324694 -0.682776153 0.112774432 -0.242778942 -0.144861385 0.952552140
1305031467.895947 -0.154480860 0.726752222 -0.671084404 0.117068678 -0.250813037 -0.143467873 0.950160384
1305031467.927754 -0.147270411 0.713288248 -0.658539355 0.119311348 -0.258774847 -0.147134706 0.947181046
1305031467.959826 -0.139181957 0.697968781 -0.639983475 0.125056982 -0.265960395 -0.148015723 0.944307804
1305031467.995754 -0.127973735 0.696652055 -0.621431112 0.130283490 -0.269742608 -0.149492159 0.942293644
1305031468.028107 -0.123154022 0.680211306 -0.603440166 0.128014758 -0.271187007 -0.153656512 0.941519856
1305031468.059850 -0.121229433 0.658687472 -0.590472698 0.130431622 -0.273340195 -0.156985417 0.940015078
1305031468.095867 -0.113551140 0.656168997 -0.573820949 0.134928361 -0.277694881 -0.158005044 0.937930942
1305031468.127816 -0.110597447 0.637294590 -0.557719767 0.132260814 -0.280340195 -0.160098732 0.937168539
1305031468.159864 -0.104882851 0.623864293 -0.541760564 0.134745747 -0.282818705 -0.163892522 0.935412526
1305031468.195985 -0.097225860 0.608851433 -0.524506211 0.133224994 -0.285386235 -0.166109651 0.934458911
1305031468.228158 -0.089485355 0.584846795 -0.512559354 0.129314229 -0.285526544 -0.166974872 0.934811175
1305031468.259754 -0.083485611 0.568056345 -0.497776806 0.128701463 -0.284672111 -0.165838018 0.935358465
1305031468.295830 -0.077095769 0.547918320 -0.486341566 0.126350433 -0.283248723 -0.166192815 0.936047912
1305031468.327847 -0.073885955 0.520127356 -0.472119510 0.124885581 -0.282042116 -0.164952666 0.936827898
1305031468.359787 -0.065884195 0.505123734 -0.467404664 0.127326533 -0.279727101 -0.160030887 0.938046277
1305031468.395860 -0.059564576 0.490901202 -0.459717542 0.124942541 -0.279095292 -0.160440996 0.938484967
1305031468.428025 -0.055716775 0.461111605 -0.454379976 0.117000543 -0.279695630 -0.161255419 0.939190090
1305031468.459759 -0.051208071 0.442084372 -0.450153559 0.115260996 -0.280257642 -0.159152254 0.939596236
1305031468.495809 -0.045232534 0.421334445 -0.445209205 0.110889025 -0.279627115 -0.159818619 0.940196991
1305031468.527756 -0.049989440 0.397399724 -0.442228407 0.109403558 -0.276641041 -0.165818065 0.940215409
1305031468.559739 -0.055890381 0.374383360 -0.443127751 0.115330532 -0.274936676 -0.175858423 0.938180447
1305031468.595768 -0.053682767 0.364486277 -0.445075452 0.118146837 -0.275093824 -0.179754674 0.937044859
1305031468.627626 -0.057514422 0.344821364 -0.439691454 0.110881321 -0.276803046 -0.181985781 0.936998725
1305031468.659579 -0.068137236 0.312919617 -0.441947579 0.105252422 -0.279467225 -0.184897095 0.936286867
1305031468.695835 -0.075248204 0.294902563 -0.441462696 0.109218135 -0.284750879 -0.187617302 0.933695912
1305031468.727785 -0.078114852 0.282374084 -0.440497518 0.114143938 -0.290896714 -0.189611197 0.930804968
1305031468.759628 -0.082939319 0.265905261 -0.437308580 0.114650890 -0.295505077 -0.190636948 0.929079890
1305031468.795796 -0.089075424 0.242701024 -0.436154634 0.116292924 -0.297525376 -0.194432899 0.927442968
1305031468.829247 -0.094137438 0.232412040 -0.437162757 0.125954360 -0.298499852 -0.200603053 0.924549520
1305031468.859659 -0.089655794 0.228080377 -0.431699038 0.130215496 -0.299035072 -0.203394085 0.923175395
1305031468.895873 -0.093776390 0.214111269 -0.426931709 0.127066925 -0.294527352 -0.205757588 0.924538553
1305031468.928141 -0.100735798 0.203180954 -0.424798518 0.122167997 -0.288311124 -0.203590468 0.927632809
1305031468.959594 -0.103662290 0.204234228 -0.421634316 0.117612295 -0.282789320 -0.199706033 0.930760503
1305031468.995711 -0.103878446 0.210887626 -0.418813229 0.105695397 -0.279474318 -0.203508750 0.932366252
1305031469.027699 -0.113981709 0.198365062 -0.412235022 0.085740291 -0.275526643 -0.212507591 0.933581412
1305031469.059832 -0.121012986 0.184729993 -0.407942206 0.070962250 -0.274084181 -0.219992578 0.933512509
1305031469.095723 -0.115914136 0.182764500 -0.392774433 0.061986063 -0.275755614 -0.230041742 0.931234360
1305031469.127679 -0.125249773 0.164039955 -0.385285228 0.045969181 -0.267422765 -0.243936032 0.931057036
1305031469.159703 -0.128193200 0.153257862 -0.377168179 0.035026956 -0.258679479 -0.250694245 0.932207346
1305031469.195540 -0.136259645 0.145171061 -0.370838881 0.026490625 -0.247480199 -0.257292598 0.933730304
1305031469.227754 -0.150503486 0.142359197 -0.364409357 0.021848248 -0.238864318 -0.261472940 0.934932351
1305031469.259586 -0.155259728 0.142012760 -0.352461338 0.017632147 -0.235968709 -0.265275210 0.934685528
1305031469.296754 -0.160291538 0.141428158 -0.339737087 0.013356848 -0.231247738 -0.267967582 0.935168207
1305031469.327618 -0.165529609 0.144677088 -0.330104917 0.009017573 -0.227288991 -0.270080745 0.935582578
1305031469.359592 -0.160394937 0.139197603 -0.313511401 0.001754867 -0.225232378 -0.274913967 0.934713662
1305031469.395695 -0.169560611 0.125770882 -0.307015389 -0.004823381 -0.211659506 -0.282146603 0.935719192
1305031469.427651 -0.174968958 0.138609514 -0.293714195 -0.000040791 -0.198408157 -0.287279904 0.937072337
1305031469.459668 -0.182694897 0.138067693 -0.282438755 -0.002406043 -0.187722474 -0.295966506 0.936567307
1305031469.495744 -0.195972338 0.153027073 -0.269403130 -0.000191725 -0.179136559 -0.299216807 0.937219024
1305031469.527622 -0.197645873 0.162229210 -0.255495727 -0.003106692 -0.180448681 -0.298726261 0.937118649
1305031469.559645 -0.198478714 0.167892709 -0.241130307 -0.010050758 -0.182228804 -0.299229532 0.936564684
1305031469.595755 -0.199203402 0.176263109 -0.227035418 -0.018184077 -0.183546543 -0.297618091 0.936698258
1305031469.627752 -0.201955169 0.184644535 -0.214071244 -0.027707580 -0.181312576 -0.298458666 0.936632574
1305031469.659590 -0.207612365 0.182427540 -0.200516611 -0.038078807 -0.177800119 -0.299194783 0.936706781
1305031469.695613 -0.211760193 0.191520318 -0.187275484 -0.042904589 -0.174310043 -0.298140973 0.937489867
1305031469.727679 -0.216527283 0.204144448 -0.175465912 -0.047919787 -0.168557227 -0.297043979 0.938646376
1305031469.759599 -0.220231667 0.216455042 -0.164510012 -0.054354873 -0.164773867 -0.293032110 0.940227270
1305031469.795621 -0.223052934 0.230164304 -0.152511582 -0.060067818 -0.165543884 -0.289656758 0.940790176
1305031469.827526 -0.229222238 0.247010499 -0.143153891 -0.064331472 -0.166254774 -0.286201030 0.941440284
1305031469.859574 -0.238160610 0.260867685 -0.134321481 -0.071927622 -0.167601287 -0.284551322 0.941151917
1305031469.895755 -0.248932153 0.277566463 -0.125975296 -0.076795824 -0.167191714 -0.281414241 0.941783071
1305031469.927854 -0.255698085 0.294660658 -0.119035475 -0.078832656 -0.169630975 -0.278296053 0.942105174
1305031469.959805 -0.266171873 0.309666365 -0.113809481 -0.080700450 -0.172162056 -0.275640577 0.942268550
1305031469.995551 -0.273678631 0.325778455 -0.111475602 -0.081761189 -0.173979729 -0.272809386 0.942667067
1305031470.027694 -0.285039663 0.340853244 -0.110144943 -0.084385030 -0.175335333 -0.272084773 0.942394137
1305031470.059638 -0.298710257 0.356100142 -0.106667079 -0.086507536 -0.174714282 -0.272373140 0.942233622
1305031470.095944 -0.310037196 0.371365875 -0.107372537 -0.087763533 -0.174118012 -0.269970864 0.942919075
1305031470.127633 -0.322733760 0.384933800 -0.107542753 -0.093099229 -0.173404545 -0.267936319 0.943119049
1305031470.159626 -0.335514963 0.401170671 -0.107100502 -0.095506459 -0.173431188 -0.265300065 0.943618596
1305031470.196092 -0.347909331 0.417310059 -0.110778265 -0.096793860 -0.173798636 -0.260507196 0.944754481
1305031470.227618 -0.358747125 0.422540843 -0.112398721 -0.104760192 -0.175124630 -0.261175364 0.943474531
1305031470.259965 -0.373262227 0.439541012 -0.116133198 -0.107984833 -0.172551915 -0.256868392 0.944766521
1305031470.295718 -0.385975301 0.451406062 -0.120381080 -0.114305437 -0.170604318 -0.254049242 0.945138872
1305031470.327644 -0.398228198 0.463469446 -0.121220164 -0.121551387 -0.170577362 -0.251349092 0.944961548
1305031470.359624 -0.410562575 0.476830691 -0.124815822 -0.126288563 -0.171262994 -0.247073829 0.945343733
1305031470.395823 -0.423544675 0.488377303 -0.128686011 -0.129938215 -0.171714276 -0.243734136 0.945634127
1305031470.427641 -0.435354441 0.500731051 -0.133443534 -0.129397288 -0.173282012 -0.243607268 0.945455015
1305031470.459721 -0.450859159 0.510529876 -0.135073408 -0.129272580 -0.173657581 -0.243188173 0.945511103
1305031470.495686 -0.466949999 0.522072494 -0.139489204 -0.127849758 -0.173160821 -0.240605801 0.946455836
1305031470.527689 -0.479444981 0.528545797 -0.144836754 -0.128435716 -0.173183963 -0.241245195 0.946209431
1305031470.559677 -0.491123199 0.535750866 -0.148341715 -0.129807442 -0.172191948 -0.240916431 0.946287096
1305031470.595760 -0.503636003 0.541801810 -0.150745720 -0.131828293 -0.171232134 -0.237705767 0.946993649
1305031470.627729 -0.513561845 0.546964824 -0.152928382 -0.135408461 -0.171056405 -0.233938828 0.947458148
1305031470.659690 -0.524264574 0.553306699 -0.154562876 -0.137136951 -0.170295089 -0.228649437 0.948637187
1305031470.695630 -0.536414742 0.559391677 -0.155168355 -0.140214026 -0.170096979 -0.226358831 0.948772252
1305031470.727654 -0.547233224 0.562778831 -0.156170517 -0.141014531 -0.170204505 -0.225565895 0.948823154
1305031470.759682 -0.557092726 0.561779618 -0.159900546 -0.145567000 -0.165950462 -0.224199131 0.949213088
1305031470.795615 -0.565777540 0.569221318 -0.160585240 -0.145623282 -0.161182672 -0.219054684 0.951225042
1305031470.827831 -0.575561523 0.575375855 -0.160019353 -0.140707880 -0.160476208 -0.213146597 0.953423977
1305031470.859645 -0.584195018 0.575232208 -0.162745476 -0.137705907 -0.161030605 -0.209018022 0.954681993
1305031470.895722 -0.593855739 0.576801419 -0.165931314 -0.134546250 -0.161878318 -0.203158066 0.956252873
1305031470.927684 -0.603272200 0.578465164 -0.167426258 -0.130384147 -0.164624467 -0.199410319 0.957149088
1305031470.959647 -0.614872217 0.579374373 -0.171737820 -0.119916089 -0.165941969 -0.197180942 0.958750844
1305031470.995996 -0.624957502 0.574768066 -0.176817596 -0.115665458 -0.165597796 -0.195107192 0.959756315
1305031471.027644 -0.636038542 0.573485613 -0.178865179 -0.107540451 -0.162240222 -0.193890274 0.961519480
1305031471.059636 -0.644934535 0.570971251 -0.182529777 -0.099504098 -0.159579262 -0.188496917 0.963899553
1305031471.095777 -0.652915776 0.569120109 -0.186303377 -0.093202427 -0.159213498 -0.181376085 0.965954006
1305031471.127663 -0.657475591 0.568458676 -0.189729318 -0.087505132 -0.161207139 -0.172807783 0.967725456
1305031471.159649 -0.667594433 0.561228693 -0.196017727 -0.087747246 -0.157839939 -0.165910393 0.969464123
1305031471.195703 -0.673534691 0.561432600 -0.199477151 -0.085294217 -0.154708296 -0.159868672 0.971201479
1305031471.227569 -0.682886481 0.560532629 -0.201735482 -0.086465187 -0.149490312 -0.154877931 0.972722650
1305031471.259722 -0.689864576 0.558620095 -0.202943131 -0.087739319 -0.147412688 -0.152225435 0.973344088
1305031471.296068 -0.695109665 0.558282495 -0.203277901 -0.085774623 -0.145548865 -0.148101300 0.974435389
1305031471.327642 -0.698721886 0.557091296 -0.205934018 -0.082367636 -0.141810521 -0.144942880 0.975754559
1305031471.359615 -0.700379193 0.557521224 -0.209024847 -0.081052899 -0.135022208 -0.142186612 0.977232039
1305031471.395730 -0.709108055 0.555859029 -0.210445791 -0.080235712 -0.125869215 -0.137364715 0.979208946
1305031471.427704 -0.716148973 0.555009723 -0.214200824 -0.077175081 -0.121915080 -0.129527777 0.981021523
1305031471.459647 -0.719777346 0.556753457 -0.218063265 -0.075428091 -0.122321248 -0.124547169 0.981751561
1305031471.496491 -0.723387063 0.555325985 -0.219389647 -0.077438779 -0.122407645 -0.120069392 0.982142031
1305031471.527624 -0.728772700 0.555657864 -0.222663358 -0.077259883 -0.120423570 -0.116087683 0.982879877
1305031471.559671 -0.730644584 0.552456677 -0.226387218 -0.080054834 -0.119185545 -0.114366852 0.983008802
1305031471.595702 -0.733175397 0.553037941 -0.229333997 -0.079353541 -0.114511073 -0.112242222 0.983865798
1305031471.627621 -0.734655976 0.551487625 -0.232721865 -0.079775229 -0.110356264 -0.110093147 0.984549105
1305031471.659642 -0.738139451 0.551305056 -0.236349672 -0.077943854 -0.104329675 -0.107150905 0.985676825
1305031471.695609 -0.740271389 0.553606808 -0.239370108 -0.075211346 -0.099926911 -0.101661026 0.986926019
1305031471.727501 -0.743163943 0.554196060 -0.242967367 -0.076853365 -0.095159441 -0.097407192 0.987699449
1305031471.759702 -0.742899776 0.550520003 -0.244870082 -0.080312200 -0.091445595 -0.090839684 0.988400638
1305031471.795801 -0.743785143 0.554135084 -0.247733548 -0.078140251 -0.084452555 -0.082785137 0.989903271
1305031471.827639 -0.746459723 0.561935544 -0.250318110 -0.078135356 -0.078494124 -0.075650968 0.990964413
1305031471.859665 -0.749144673 0.559006214 -0.250392407 -0.085307933 -0.074623048 -0.069655225 0.991111636
1305031471.895604 -0.750717103 0.567624390 -0.250691235 -0.084855005 -0.070110358 -0.062004860 0.991987705
1305031471.927651 -0.751934528 0.566251576 -0.251825154 -0.093173020 -0.065513626 -0.059012722 0.991738081
1305031471.959643 -0.757567525 0.560047328 -0.250832826 -0.099594586 -0.056312557 -0.059398293 0.991656065
1305031471.995573 -0.758925140 0.571333230 -0.252690017 -0.094063222 -0.049466316 -0.053668767 0.992887139
1305031472.027638 -0.764403641 0.576715052 -0.251540363 -0.100382909 -0.042368025 -0.051247783 0.992724538
1305031472.059668 -0.768387854 0.574281514 -0.248991951 -0.105313562 -0.037545480 -0.048951436 0.992523611
1305031472.095601 -0.772908211 0.581062794 -0.250504762 -0.102099389 -0.031717602 -0.042679258 0.993351996
1305031472.127594 -0.778623641 0.589907229 -0.251750976 -0.103255175 -0.027631087 -0.039032917 0.993504584
1305031472.159645 -0.783461332 0.583973229 -0.248452231 -0.110883892 -0.026332049 -0.037529562 0.992775381
1305031472.195682 -0.786995590 0.585710764 -0.248988003 -0.106331237 -0.024784619 -0.032870572 0.993478239
1305031472.227626 -0.789433300 0.588033259 -0.249742225 -0.102970898 -0.023867114 -0.030313225 0.993935883
1305031472.263840 -0.793647885 0.579816937 -0.250149667 -0.105988912 -0.021169929 -0.029448492 0.993705690
1305031472.295671 -0.793535709 0.584149599 -0.250489056 -0.095126972 -0.020230422 -0.026827857 0.994897962
1305031472.327678 -0.798072338 0.581091762 -0.253401101 -0.092723608 -0.016677696 -0.025488444 0.995225906
1305031472.363577 -0.798860669 0.584419370 -0.254208356 -0.090084121 -0.016965620 -0.024365954 0.995491505
1305031472.395599 -0.802746594 0.578126371 -0.254160732 -0.093630485 -0.017219169 -0.022437530 0.995205283
1305031472.427686 -0.802608252 0.574143112 -0.254327893 -0.093142413 -0.020739798 -0.021942256 0.995194972
1305031472.463603 -0.798999548 0.574729562 -0.254618317 -0.089373939 -0.024450071 -0.022679733 0.995439649
1305031472.495626 -0.798763871 0.572971225 -0.255382121 -0.089518562 -0.022342665 -0.023614164 0.995454490
1305031472.527625 -0.800798655 0.564669132 -0.253660947 -0.092965648 -0.018968020 -0.023172572 0.995218933
1305031472.563587 -0.799971104 0.560178876 -0.254328847 -0.088435754 -0.019924205 -0.021203002 0.995656908
1305031472.595675 -0.796535671 0.565256834 -0.256000727 -0.079494670 -0.022840416 -0.017940482 0.996412098
1305031472.627701 -0.795203090 0.560321450 -0.255908132 -0.081408300 -0.023770537 -0.016465763 0.996261299
1305031472.663575 -0.793704808 0.554856896 -0.254818082 -0.082518950 -0.024522703 -0.015300305 0.996170342
1305031472.695755 -0.793046832 0.548901260 -0.253796786 -0.082738824 -0.024853168 -0.013904257 0.996164322
1305031472.727628 -0.791619658 0.546334088 -0.252442241 -0.080124237 -0.025749238 -0.014128746 0.996352136
1305031472.763578 -0.789101899 0.544153750 -0.252468348 -0.077862382 -0.026263690 -0.015725860 0.996494114
1305031472.795640 -0.787466466 0.540945888 -0.250709623 -0.076238148 -0.025764979 -0.017157167 0.996609032
1305031472.827627 -0.787499726 0.537116706 -0.250339419 -0.074859984 -0.024514431 -0.017521465 0.996738732
1305031472.863598 -0.788417637 0.536839962 -0.248984531 -0.072296329 -0.023901220 -0.015923528 0.996969700
1305031472.895713 -0.787074089 0.536493361 -0.248803437 -0.071825281 -0.026023688 -0.012571669 0.996998429
1305031472.927685 -0.785479248 0.533381522 -0.246937588 -0.073311113 -0.027686466 -0.011759239 0.996855438
1305031472.963756 -0.785550833 0.532370865 -0.245727748 -0.073237598 -0.027207401 -0.010542762 0.996887624
1305031472.995704 -0.786502063 0.532615304 -0.244786888 -0.073502667 -0.027581165 -0.009100484 0.996872067
1305031473.027638 -0.786204278 0.534706831 -0.243746042 -0.072386101 -0.029106807 -0.009444008 0.996907175
1305031473.063684 -0.783475280 0.531280935 -0.242485985 -0.074933663 -0.031265289 -0.010170072 0.996646404
1305031473.095695 -0.783270836 0.531273067 -0.241786838 -0.073885828 -0.030374967 -0.012499566 0.996725678
1305031473.127744 -0.784501851 0.529875875 -0.241381645 -0.074451543 -0.028669087 -0.014427898 0.996708035
1305031473.167060 -0.786264718 0.527821779 -0.241420016 -0.074588552 -0.028302748 -0.014583251 0.996706009
1305031473.196069 -0.785126150 0.526968718 -0.241023585 -0.073597573 -0.029582584 -0.014547602 0.996743023
