#frame timestamp_s tracking_time_s
0 1305031453.359683990 0.038460586
1 1305031453.391690016 0.042661101
2 1305031453.423682928 0.043686345
3 1305031453.459685087 0.044188768
4 1305031453.491698027 0.044201858
5 1305031453.523684025 0.045193627
6 1305031453.559752941 0.045473181
7 1305031453.591639996 0.046454206
8 1305031453.627706051 0.047493752
9 1305031453.659600019 0.047970042
10 1305031453.691678047 0.048044488
11 1305031453.727652073 0.048354760
12 1305031453.759694099 0.048833068
13 1305031453.791716099 0.049786635
14 1305031453.827773094 0.049858373
15 1305031453.859704971 0.049965873
16 1305031453.891710043 0.050326683
17 1305031453.927722931 0.050458662
18 1305031453.959640980 0.050504126
19 1305031453.991624117 0.050560810
20 1305031454.027662039 0.051140785
21 1305031454.059653997 0.051274896
22 1305031454.091650963 0.051306415
23 1305031454.127701044 0.051445078
24 1305031454.159672022 0.051653374
25 1305031454.191658020 0.052235238
26 1305031454.227670908 0.052576195
27 1305031454.259627104 0.052799456
28 1305031454.291639090 0.052960914
29 1305031454.327698946 0.053071931
30 1305031454.359636068 0.053136636
31 1305031454.391676903 0.053320706
32 1305031454.427464962 0.053559501
33 1305031454.459913015 0.053635370
34 1305031454.491616964 0.053663187
35 1305031454.527699947 0.053776555
36 1305031454.559575081 0.053910628
37 1305031454.591634989 0.054191642
38 1305031454.627579927 0.054249752
39 1305031454.659528017 0.054507341
40 1305031454.691884041 0.054545026
41 1305031454.727658987 0.054597676
42 1305031454.759732008 0.054788932
43 1305031454.791640997 0.055051837
44 1305031454.827569962 0.055111151
45 1305031454.859620094 0.055113133
46 1305031454.891763926 0.055176411
47 1305031454.927567005 0.055235427
48 1305031454.959647894 0.055325057
49 1305031454.991936922 0.055340350
50 1305031455.027798891 0.055364482
51 1305031455.059636116 0.055436704
52 1305031455.091700077 0.055461738
53 1305031455.127695084 0.055479128
54 1305031455.159719944 0.055519126
55 1305031455.191654921 0.055543292
56 1305031455.227581024 0.055614330
57 1305031455.259630919 0.055709884
58 1305031455.291831017 0.055928271
59 1305031455.327765942 0.056021623
60 1305031455.359630108 0.056069382
61 1305031455.391664982 0.056166418
62 1305031455.427642107 0.056190047
63 1305031455.459589005 0.056319397
64 1305031455.491636992 0.056380488
65 1305031455.527610064 0.056397934
66 1305031455.559669018 0.056443229
67 1305031455.591645002 0.056556527
68 1305031455.627616882 0.056807190
69 1305031455.659615040 0.056822058
70 1305031455.691605091 0.056841243
71 1305031455.727627993 0.056849096
72 1305031455.759682894 0.056989279
73 1305031455.791666031 0.057223145
74 1305031455.827589989 0.057373200
75 1305031455.859525919 0.057442293
76 1305031455.891657114 0.057520330
77 1305031455.927954912 0.057656273
78 1305031455.959716082 0.057705030
79 1305031455.991693974 0.057707142
80 1305031456.027770042 0.057773400
81 1305031456.059712887 0.057793122
82 1305031456.091706991 0.058157694
83 1305031456.127645016 0.058171581
84 1305031456.159730911 0.058224712
85 1305031456.191658020 0.058238655
86 1305031456.227678061 0.058284931
87 1305031456.291675091 0.058307134
88 1305031456.327718019 0.058315523
89 1305031456.391618967 0.058337245
90 1305031456.427661896 0.058337856
91 1305031456.491677046 0.058447540
92 1305031456.527641058 0.058521520
93 1305031456.591650963 0.058547243
94 1305031456.627612114 0.058552597
95 1305031456.691612005 0.058574613
96 1305031456.727693081 0.058628112
97 1305031456.791649103 0.058701336
98 1305031456.827603102 0.058810946
99 1305031456.891671896 0.058812093
100 1305031456.927690029 0.058814868
101 1305031456.959666967 0.058841757
102 1305031456.991708994 0.058917832
103 1305031457.027647972 0.058938351
104 1305031457.091655016 0.058976516
105 1305031457.127631903 0.058990963
106 1305031457.191735029 0.059045702
107 1305031457.227543116 0.059103053
108 1305031457.291656017 0.059253309
109 1305031457.327548027 0.059308715
110 1305031457.391684055 0.059396252
111 1305031457.427640915 0.059439734
112 1305031457.491704941 0.059465624
113 1305031457.527637959 0.059561271
114 1305031457.559684992 0.059592638
115 1305031457.591677904 0.059601139
116 1305031457.627526045 0.059625030
117 1305031457.659631968 0.059681252
118 1305031457.691570044 0.059691194
119 1305031457.727669001 0.059707120
120 1305031457.759556055 0.059755158
121 1305031457.791567087 0.059761766
122 1305031457.827698946 0.059769489
123 1305031457.859622955 0.059809305
124 1305031457.891592979 0.059815545
125 1305031457.927633047 0.059847008
126 1305031457.991643906 0.059863266
127 1305031458.027844906 0.059865709
128 1305031458.059689045 0.059911653
129 1305031458.091690063 0.059978969
130 1305031458.127604961 0.060090523
131 1305031458.159637928 0.060122781
132 1305031458.191646099 0.060146671
133 1305031458.227611065 0.060183633
134 1305031458.259933949 0.060294893
135 1305031458.291663885 0.060314614
136 1305031458.327627897 0.060319781
137 1305031458.359590054 0.060375407
138 1305031458.391625881 0.060380872
139 1305031458.427598000 0.060430873
140 1305031458.459636927 0.060481649
141 1305031458.491695881 0.060542684
142 1305031458.527736902 0.060762886
143 1305031458.559628010 0.060765054
144 1305031458.591640949 0.060865663
145 1305031458.627659082 0.060899235
146 1305031458.659622908 0.060956530
147 1305031458.691673994 0.061069384
148 1305031458.727649927 0.061097272
149 1305031458.759944916 0.061242808
150 1305031458.791631937 0.061260287
151 1305031458.827564001 0.061296120
152 1305031458.891664982 0.061303843
153 1305031458.927620888 0.061392415
154 1305031458.959616899 0.061442897
155 1305031458.991647005 0.061452284
156 1305031459.027664900 0.061466232
157 1305031459.059631109 0.061476823
158 1305031459.127618074 0.061505713
159 1305031459.159638882 0.061532822
160 1305031459.191673994 0.061593268
161 1305031459.227607012 0.061595120
162 1305031459.259759903 0.061607711
163 1305031459.327631950 0.061636802
164 1305031459.359651089 0.061698969
165 1305031459.391666889 0.061710339
166 1305031459.427645922 0.061717339
167 1305031459.459678888 0.062134631
168 1305031459.527594090 0.062139966
169 1305031459.559647083 0.062204000
170 1305031459.591695070 0.062225629
171 1305031459.627608061 0.062244795
172 1305031459.659641027 0.062350295
173 1305031459.691603899 0.062367793
174 1305031459.727550983 0.062401999
175 1305031459.791650057 0.062512830
176 1305031459.827663898 0.062665641
177 1305031459.859659910 0.062665679
178 1305031459.891596079 0.062690087
179 1305031459.927607059 0.062696405
180 1305031459.991724968 0.062801234
181 1305031460.027565002 0.062829196
182 1305031460.059659004 0.062997267
183 1305031460.091717005 0.063019715
184 1305031460.127690077 0.063024990
185 1305031460.159677982 0.063026734
186 1305031460.191559076 0.063081421
187 1305031460.227761030 0.063175082
188 1305031460.291688919 0.063179106
189 1305031460.327512026 0.063263103
190 1305031460.391611099 0.063379765
191 1305031460.427476883 0.063380338
192 1305031460.459619999 0.063413084
193 1305031460.491503954 0.063572280
194 1305031460.527570009 0.063576415
195 1305031460.559647083 0.063677855
196 1305031460.591855049 0.063697204
197 1305031460.627624989 0.063710578
198 1305031460.659764051 0.063777283
199 1305031460.691670895 0.063862480
200 1305031460.727674961 0.063901998
201 1305031460.759666920 0.063912466
202 1305031460.791660070 0.064053908
203 1305031460.827660084 0.064259477
204 1305031460.859714031 0.064294755
205 1305031460.891773939 0.064319149
206 1305031460.927561998 0.064360902
207 1305031460.991667986 0.064369015
208 1305031461.027620077 0.064386494
209 1305031461.091727972 0.064416438
210 1305031461.127585888 0.064441994
211 1305031461.159719944 0.064562768
212 1305031461.192013025 0.064630181
213 1305031461.227607012 0.064692102
214 1305031461.259641886 0.064696163
215 1305031461.291656017 0.064696163
216 1305031461.327750921 0.064787306
217 1305031461.359709024 0.064880379
218 1305031461.391707897 0.064890139
219 1305031461.427623987 0.065089099
220 1305031461.459780931 0.065217502
221 1305031461.491677046 0.065316133
222 1305031461.527704954 0.065332964
223 1305031461.559676886 0.065406784
224 1305031461.591690063 0.065425821
225 1305031461.627541065 0.065496765
226 1305031461.659621954 0.065523043
227 1305031461.691562891 0.065555356
228 1305031461.727602005 0.065571003
229 1305031461.759684086 0.065580003
230 1305031461.791611910 0.065665610
231 1305031461.827615023 0.065674350
232 1305031461.859766960 0.065693758
233 1305031461.891722918 0.065967590
234 1305031461.927757978 0.066012830
235 1305031461.959702969 0.066133626
236 1305031461.991590023 0.066210456
237 1305031462.027674913 0.066237979
238 1305031462.059837103 0.066257603
239 1305031462.091777086 0.066266589
240 1305031462.127738953 0.066270865
241 1305031462.159646034 0.066276550
242 1305031462.191641092 0.066311754
243 1305031462.227632999 0.066364214
244 1305031462.259764910 0.066364601
245 1305031462.291629076 0.066389866
246 1305031462.327539921 0.066429712
247 1305031462.359731913 0.066536695
248 1305031462.391695023 0.066581085
249 1305031462.427634954 0.066608474
250 1305031462.459897041 0.066629007
251 1305031462.492007971 0.066684455
252 1305031462.527669907 0.066751324
253 1305031462.559861898 0.066878378
254 1305031462.591861963 0.066898897
255 1305031462.627851009 0.066934817
256 1305031462.659660101 0.066967212
257 1305031462.692548037 0.067107096
258 1305031462.727652073 0.067140967
259 1305031462.759782076 0.067261040
260 1305031462.791943073 0.067390189
261 1305031462.827816010 0.067457370
262 1305031462.859781981 0.067497075
263 1305031462.891846895 0.067662299
264 1305031462.927607059 0.067685127
265 1305031462.959676027 0.067727461
266 1305031462.995549917 0.067753553
267 1305031463.027667046 0.067754962
268 1305031463.059809923 0.068021677
269 1305031463.095808983 0.068197198
270 1305031463.127549887 0.068236455
271 1305031463.159786940 0.068281248
272 1305031463.195657015 0.068286397
273 1305031463.227783918 0.068645284
274 1305031463.260034084 0.068739630
275 1305031463.295737028 0.068803839
276 1305031463.327739000 0.068813875
277 1305031463.359750032 0.068957895
278 1305031463.395629883 0.069138169
279 1305031463.427716017 0.069213152
280 1305031463.459755898 0.069457591
281 1305031463.495629072 0.069825292
282 1305031463.527669907 0.069876179
283 1305031463.559751034 0.069906659
284 1305031463.595599890 0.069970362
285 1305031463.627588034 0.069986805
286 1305031463.659765959 0.070037618
287 1305031463.695640087 0.070139602
288 1305031463.727587938 0.070220470
289 1305031463.759674072 0.070274152
290 1305031463.795646906 0.070334472
291 1305031463.827760935 0.070420004
292 1305031463.859910011 0.070462152
293 1305031463.895648003 0.070500746
294 1305031463.927664042 0.070542395
295 1305031463.959680080 0.070617132
296 1305031463.995820999 0.070712559
297 1305031464.027703047 0.070725314
298 1305031464.059652090 0.070726395
299 1305031464.095633984 0.070763022
300 1305031464.127681017 0.070831127
301 1305031464.159816980 0.070851170
302 1305031464.195585012 0.071026683
303 1305031464.227623940 0.071053773
304 1305031464.259644032 0.071085684
305 1305031464.295666933 0.071089275
306 1305031464.327866077 0.071217790
307 1305031464.359683990 0.071276590
308 1305031464.395611048 0.071423702
309 1305031464.427634001 0.071475990
310 1305031464.459688902 0.071515732
311 1305031464.495632887 0.071571767
312 1305031464.527574062 0.071619749
313 1305031464.559703112 0.071678586
314 1305031464.595698118 0.071715638
315 1305031464.627671957 0.071805969
316 1305031464.659749031 0.071901485
317 1305031464.695662975 0.072348818
318 1305031464.727652073 0.072457835
319 1305031464.759740114 0.072513781
320 1305031464.796020985 0.072554335
321 1305031464.827759027 0.072706684
322 1305031464.859653950 0.072791755
323 1305031464.895817041 0.072936147
324 1305031464.927798986 0.073110849
325 1305031464.959763050 0.073162124
326 1305031464.995687008 0.073227182
327 1305031465.027822971 0.073266588
328 1305031465.059748888 0.073272750
329 1305031465.095700026 0.073352732
330 1305031465.127664089 0.073405161
331 1305031465.159842014 0.073501475
332 1305031465.195564032 0.073743261
333 1305031465.227906942 0.073830299
334 1305031465.259807110 0.074010022
335 1305031465.295623064 0.074039355
336 1305031465.327673912 0.074045353
337 1305031465.359947920 0.074363261
338 1305031465.395586014 0.074365482
339 1305031465.427696943 0.074443430
340 1305031465.460124969 0.074510515
341 1305031465.495702982 0.074551925
342 1305031465.527621984 0.074591458
343 1305031465.559812069 0.074595220
344 1305031465.595598936 0.074769013
345 1305031465.627687931 0.074936956
346 1305031465.660059929 0.075034514
347 1305031465.695667982 0.075071715
348 1305031465.727682114 0.075086601
349 1305031465.759766102 0.075160526
350 1305031465.795937061 0.075179622
351 1305031465.827996016 0.075239398
352 1305031465.859860897 0.075249843
353 1305031465.895493984 0.075272672
354 1305031465.927495003 0.075451285
355 1305031465.959709883 0.075675763
356 1305031465.995753050 0.075938985
357 1305031466.027643919 0.076062635
358 1305031466.059756994 0.076093368
359 1305031466.095839977 0.076172836
360 1305031466.127640009 0.076425552
361 1305031466.160428047 0.076431982
362 1305031466.195832968 0.076494291
363 1305031466.227951050 0.076599680
364 1305031466.259814978 0.076723121
365 1305031466.295737028 0.076797105
366 1305031466.327702045 0.077057101
367 1305031466.359828949 0.077186413
368 1305031466.395783901 0.077277064
369 1305031466.427819014 0.077299245
370 1305031466.459789991 0.077395894
371 1305031466.495809078 0.077750258
372 1305031466.527538061 0.077910885
373 1305031466.560353041 0.078011483
374 1305031466.595936060 0.078123033
375 1305031466.627548933 0.078235179
376 1305031466.659687996 0.078414232
377 1305031466.695822001 0.078446381
378 1305031466.728074074 0.078546919
379 1305031466.759637117 0.078845747
380 1305031466.795603991 0.078882731
381 1305031466.827878952 0.079018801
382 1305031466.859664917 0.079057261
383 1305031466.895694017 0.079060726
384 1305031466.927756071 0.079106636
385 1305031466.959728003 0.079256944
386 1305031466.995712042 0.079299703
387 1305031467.027842999 0.079351634
388 1305031467.059700012 0.079574756
389 1305031467.095686913 0.079604559
390 1305031467.128973961 0.079678521
391 1305031467.159660101 0.079733908
392 1305031467.195662975 0.079782389
393 1305031467.227704048 0.079786353
394 1305031467.259694099 0.079890624
395 1305031467.295845985 0.079932198
396 1305031467.328007936 0.080067605
397 1305031467.359653950 0.080086254
398 1305031467.395756006 0.080110811
399 1305031467.427783012 0.080137327
400 1305031467.459692001 0.080236033
401 1305031467.496057987 0.080433011
402 1305031467.527662992 0.080495268
403 1305031467.559762955 0.080589250
404 1305031467.595988989 0.080947451
405 1305031467.627532005 0.081024431
406 1305031467.659626007 0.081063464
407 1305031467.695885897 0.081422813
408 1305031467.727535009 0.081486575
409 1305031467.759907007 0.081501834
410 1305031467.796075106 0.081675015
411 1305031467.827800035 0.081733547
412 1305031467.859729052 0.081762478
413 1305031467.895946980 0.081791237
414 1305031467.927753925 0.081842922
415 1305031467.959825993 0.081877194
416 1305031467.995754004 0.081992328
417 1305031468.028106928 0.082037359
418 1305031468.059849977 0.082060121
419 1305031468.095866919 0.082193956
420 1305031468.127815962 0.082382284
421 1305031468.159863949 0.082435638
422 1305031468.195985079 0.082586803
423 1305031468.228157997 0.082756095
424 1305031468.259753942 0.082836024
425 1305031468.295830011 0.082849838
426 1305031468.327847004 0.082944334
427 1305031468.359786987 0.082975313
428 1305031468.395859957 0.083228298
429 1305031468.428025007 0.083299793
430 1305031468.459758997 0.083340406
431 1305031468.495809078 0.083597958
432 1305031468.527755976 0.083608903
433 1305031468.559739113 0.083648548
434 1305031468.595767975 0.083867215
435 1305031468.627625942 0.083871230
436 1305031468.659579039 0.084005103
437 1305031468.695835114 0.084105782
438 1305031468.727785110 0.084161319
439 1305031468.759628057 0.084287062
440 1305031468.795795918 0.084544890
441 1305031468.829246998 0.084582150
442 1305031468.859658957 0.084786594
443 1305031468.895873070 0.084813461
444 1305031468.928141117 0.084938757
445 1305031468.959594011 0.084941663
446 1305031468.995711088 0.085145593
447 1305031469.027698994 0.085167348
448 1305031469.059832096 0.085493363
449 1305031469.095722914 0.085494064
450 1305031469.127679110 0.085572302
451 1305031469.159703016 0.085701123
452 1305031469.195539951 0.085747413
453 1305031469.227754116 0.086394504
454 1305031469.259586096 0.086410984
455 1305031469.296753883 0.086566649
456 1305031469.327617884 0.086979493
457 1305031469.359591961 0.087087452
458 1305031469.395694971 0.087318271
459 1305031469.427650928 0.087767668
460 1305031469.459667921 0.088035762
461 1305031469.495743990 0.088169061
462 1305031469.527621984 0.088700160
463 1305031469.559644938 0.089061469
464 1305031469.595755100 0.089365654
465 1305031469.627752066 0.089457601
466 1305031469.659590006 0.089518987
467 1305031469.695612907 0.089594685
468 1305031469.727679014 0.089700580
469 1305031469.759598970 0.089964777
470 1305031469.795620918 0.090041593
471 1305031469.827526093 0.090101667
472 1305031469.859574080 0.090385720
473 1305031469.895755053 0.090483308
474 1305031469.927854061 0.090833955
475 1305031469.959805012 0.091374747
476 1305031469.995551109 0.092121609
477 1305031470.027693987 0.092128769
478 1305031470.059638023 0.092554525
479 1305031470.095943928 0.092571527
480 1305031470.127633095 0.092828952
481 1305031470.159626007 0.092840299
482 1305031470.196091890 0.092852712
483 1305031470.227617979 0.092898004
484 1305031470.259964943 0.092969723
485 1305031470.295717955 0.093316205
486 1305031470.327644110 0.093366444
487 1305031470.359623909 0.093626112
488 1305031470.395823002 0.093724571
489 1305031470.427640915 0.094204031
490 1305031470.459721088 0.094325788
491 1305031470.495686054 0.094483025
492 1305031470.527688980 0.094602540
493 1305031470.559676886 0.095069334
494 1305031470.595760107 0.095339350
495 1305031470.627728939 0.096282706
496 1305031470.659689903 0.096735336
497 1305031470.695630074 0.096789554
498 1305031470.727653980 0.098085098
499 1305031470.759681940 0.098346412
500 1305031470.795614958 0.098531999
501 1305031470.827831030 0.099101380
502 1305031470.859644890 0.099236459
503 1305031470.895721912 0.100161277
504 1305031470.927684069 0.100322962
505 1305031470.959646940 0.100563847
506 1305031470.995995998 0.102238514
507 1305031471.027643919 0.103311211
508 1305031471.059636116 0.103539206
509 1305031471.095777035 0.103938609
510 1305031471.127662897 0.104297459
511 1305031471.159648895 0.104611821
512 1305031471.195703030 0.105661869
513 1305031471.227569103 0.106177494
514 1305031471.259721994 0.106206790
515 1305031471.296067953 0.108346917
516 1305031471.327641964 0.108678691
517 1305031471.359615088 0.108757667
518 1305031471.395730019 0.108873226
519 1305031471.427704096 0.108901478
520 1305031471.459646940 0.109831214
521 1305031471.496490955 0.111137830
522 1305031471.527623892 0.112168431
523 1305031471.559670925 0.112970792
524 1305031471.595701933 0.112972811
525 1305031471.627620935 0.113151804
526 1305031471.659641981 0.113464393
527 1305031471.695609093 0.114002317
528 1305031471.727500916 0.114163205
529 1305031471.759701967 0.114247501
530 1305031471.795800924 0.114391923
531 1305031471.827639103 0.116648972
532 1305031471.859664917 0.117329799
533 1305031471.895603895 0.119756013
534 1305031471.927650928 0.122890644
535 1305031471.959642887 0.124317519
536 1305031471.995573044 0.124785662
537 1305031472.027637959 0.127592415
538 1305031472.059668064 0.127825186
539 1305031472.095601082 0.127877578
540 1305031472.127593994 0.128635600
541 1305031472.159645081 0.130800873
542 1305031472.195682049 0.131622076
543 1305031472.227626085 0.132339895
544 1305031472.263839960 0.132639691
545 1305031472.295670986 0.133505106
546 1305031472.327677965 0.135652691
547 1305031472.363576889 0.137923464
548 1305031472.395598888 0.142578155
549 1305031472.427685976 0.143873632
550 1305031472.463603020 0.146187305
551 1305031472.495625973 0.146636888
552 1305031472.527625084 0.148269504
553 1305031472.563586950 0.149268970
554 1305031472.595674992 0.152706683
555 1305031472.627701044 0.158102155
556 1305031472.663574934 0.158928081
557 1305031472.695755005 0.159459516
558 1305031472.727627993 0.160972834
559 1305031472.763577938 0.167181537
560 1305031472.795639992 0.169250339
561 1305031472.827626944 0.170528203
562 1305031472.863598108 0.173659652
563 1305031472.895713091 0.183609813
564 1305031472.927685022 0.189414918
565 1305031472.963756084 0.202071443
566 1305031472.995703936 0.217435032
567 1305031473.027637959 0.218336955
568 1305031473.063683987 0.218419239
569 1305031473.095695019 0.219517350
570 1305031473.127743959 0.221582994
571 1305031473.167059898 0.228135139
572 1305031473.196069002 0.233663753
