#Image Rect[ms], Image Resize[ms], ORB ext[ms], Stereo match[ms], IMU preint[ms], Pose pred[ms], LM track[ms], KF dec[ms], Total[ms]
0.000000,0.000000,88.969705,5.425335,0.000000,31.976922,14.111822,0.045963,96.850219
0.000000,0.000000,85.318630,3.295467,0.000000,10.368470,11.817216,0.049369,137.464166
0.000000,0.000000,77.969814,2.986026,0.000000,10.756226,11.424978,0.043259,104.779732
0.000000,0.000000,86.814800,2.932730,0.000000,6.850765,8.020734,0.045092,113.262129
0.000000,0.000000,79.109766,3.206746,0.000000,21.878023,0.041277,0.055481,98.538405
0.000000,0.000000,80.124330,2.856786,0.000000,22.217890,0.045852,0.063795,106.899174
0.000000,0.000000,84.387546,3.025470,0.000000,19.885487,0.048592,0.065833,111.618238
0.000000,0.000000,86.312083,3.400355,0.000000,24.104075,1.263339,0.068814,111.681515
0.000000,0.000000,98.591738,3.638019,0.000000,28.702177,0.058629,0.078573,130.111202
0.000000,0.000000,78.580790,3.693112,0.000000,26.832806,0.784103,0.059296,117.230219
0.000000,0.000000,97.843690,3.599242,0.000000,25.410339,0.048629,0.072814,133.445558
0.000000,0.000000,115.678827,4.057515,0.000000,24.350961,0.050425,0.061667,147.548102
0.000000,0.000000,108.975153,5.206374,0.000000,25.057491,0.032926,0.069610,140.667319
0.000000,0.000000,80.989655,5.125134,0.000000,23.549802,5.569833,0.078111,113.704143
0.000000,0.000000,77.961333,3.764221,0.000000,21.227122,0.042981,0.094628,112.621839
0.000000,0.000000,94.312096,3.945905,0.000000,20.972976,0.039574,0.069536,100.139741
0.000000,0.000000,73.328176,3.898387,0.000000,22.365536,0.015277,0.067148,99.561952
0.000000,0.000000,78.165275,3.732240,0.000000,22.208686,0.016463,0.076037,83.646906
0.000000,0.000000,80.719936,4.357494,0.000000,23.729041,5.962256,0.072074,107.183227
0.000000,0.000000,79.438930,5.195059,0.000000,20.047967,0.053555,0.090128,91.199220
0.000000,0.000000,83.711239,3.695352,0.000000,20.008301,0.040481,0.074184,110.821542
0.000000,0.000000,77.463061,4.201903,0.000000,20.427908,0.040648,0.090036,83.607333
0.000000,0.000000,79.424282,3.812259,0.000000,21.769061,0.040851,0.067648,106.433902
0.000000,0.000000,77.282378,4.035423,0.000000,20.875310,0.043815,0.079128,83.078931
0.000000,0.000000,73.187826,3.975516,0.000000,21.584210,0.110240,0.070592,108.876673
0.000000,0.000000,89.004872,3.624371,0.000000,19.919005,0.044018,0.094499,115.148741
0.000000,0.000000,77.529079,3.495372,0.000000,19.823524,0.052110,0.076110,103.029009
0.000000,0.000000,74.191205,3.737722,0.000000,19.920987,0.038796,0.083073,100.325869
0.000000,0.000000,76.948880,4.119533,0.000000,24.735938,0.044833,0.831825,105.157840
0.000000,0.000000,71.787247,3.773481,0.000000,20.627294,0.048296,0.697160,98.681109
0.000000,0.000000,74.106187,3.808129,0.000000,22.099094,0.047333,0.896157,102.064593
0.000000,0.000000,73.510471,3.864202,0.000000,21.165178,0.050166,0.978009,99.501415
0.000000,0.000000,81.390837,3.419003,0.000000,21.993040,0.042481,0.850881,107.116543
0.000000,0.000000,73.567933,4.378160,0.000000,20.610368,0.047758,0.128610,99.898504
0.000000,0.000000,85.116651,3.727518,0.000000,26.079499,12.424876,0.117684,116.265766
0.000000,0.000000,76.678717,3.546316,0.000000,12.553282,19.027773,0.122017,103.020955
0.000000,0.000000,81.785444,3.989090,0.000000,13.298626,14.794093,0.120703,110.649415
0.000000,0.000000,77.139768,3.726574,0.000000,8.440564,9.858902,0.144092,104.208202
0.000000,0.000000,83.057986,3.908369,0.000000,12.879297,15.265422,0.089203,111.163780
0.000000,0.000000,74.117668,3.978757,0.000000,6.385084,8.004569,0.187850,99.957799
0.000000,0.000000,87.752310,3.894517,0.000000,22.061095,0.063518,0.138480,93.693695
0.000000,0.000000,73.029957,3.925016,0.000000,23.125029,0.043907,0.102722,118.351394
0.000000,0.000000,74.580793,3.619352,0.000000,21.674062,0.127832,0.108091,112.456934
0.000000,0.000000,78.241386,4.085070,0.000000,25.196693,0.046796,0.106036,113.048984
0.000000,0.000000,92.433394,4.158199,0.000000,21.114012,0.045703,0.108943,117.744308
0.000000,0.000000,108.222199,4.433678,0.000000,25.508338,0.065481,0.096721,144.000194
0.000000,0.000000,95.553510,3.924054,0.000000,22.364555,0.055999,0.132776,116.438580
0.000000,0.000000,70.904959,3.794758,0.000000,20.434259,0.045962,0.103536,99.900485
0.000000,0.000000,77.864575,3.800148,0.000000,26.034000,0.042259,0.971138,107.557224
0.000000,0.000000,71.609971,3.890183,0.000000,22.413018,0.040518,0.849362,99.825042
0.000000,0.000000,77.635892,4.467844,0.000000,22.378018,0.056555,0.753956,110.078829
0.000000,0.000000,72.349908,4.552843,0.000000,19.645971,0.046648,0.107314,100.650423
0.000000,0.000000,73.031328,3.701149,0.000000,20.638868,0.054425,0.119351,104.957732
0.000000,0.000000,70.453576,6.295178,0.000000,20.823867,0.038648,0.127147,101.675357
0.000000,0.000000,72.000949,4.084089,0.000000,20.719831,0.049277,0.150295,98.705924
0.000000,0.000000,72.393834,4.320882,0.000000,27.860630,11.230314,0.104943,105.492430
0.000000,0.000000,77.271063,4.444938,0.000000,14.168600,13.710067,0.108129,108.142033
0.000000,0.000000,70.241967,3.736019,0.000000,18.372762,17.775342,0.130758,99.137901
0.000000,0.000000,71.700804,3.869332,0.000000,7.030226,7.174151,0.119758,97.513714
0.000000,0.000000,79.981054,3.893906,0.000000,20.462796,0.038147,0.141406,107.260654
0.000000,0.000000,80.417791,3.854294,0.000000,20.782386,0.042574,0.126036,107.808518
0.000000,0.000000,74.715551,4.547658,0.000000,20.539795,0.060333,0.147240,101.433045
0.000000,0.000000,83.010117,4.223606,0.000000,21.153345,0.045999,0.112813,89.508442
0.000000,0.000000,80.829528,3.813610,0.000000,22.350500,0.048000,0.099499,126.912828
0.000000,0.000000,78.570309,5.963756,0.000000,21.671896,0.059796,0.790733,115.745680
0.000000,0.000000,88.462155,3.877109,0.000000,21.961800,0.043555,0.738882,130.968676
0.000000,0.000000,83.480446,3.432540,0.000000,20.564832,0.053499,0.782363,103.104750
0.000000,0.000000,73.464120,4.080107,0.000000,23.132936,0.045981,0.686475,100.369018
0.000000,0.000000,80.093035,4.902488,0.000000,22.089372,0.140239,0.964731,108.187940
0.000000,0.000000,78.819456,3.753556,0.000000,25.324600,0.044110,0.722401,105.405394
0.000000,0.000000,73.413935,3.718055,0.000000,21.088271,0.038333,0.903491,100.573275
0.000000,0.000000,71.523676,3.626909,0.000000,22.956993,0.046759,0.625753,99.771488
0.000000,0.000000,87.475480,3.690759,0.000000,29.883776,15.151405,0.112055,115.234315
0.000000,0.000000,74.772607,4.319532,0.000000,15.293273,20.897626,0.118943,104.348702
0.000000,0.000000,79.086453,3.441021,0.000000,21.873671,17.643325,0.118165,105.754854
0.000000,0.000000,79.539430,4.017164,0.000000,24.360202,21.475805,0.138369,109.323392
0.000000,0.000000,74.660812,3.610316,0.000000,19.562454,17.797064,0.121925,103.525932
0.000000,0.000000,72.126041,3.810869,0.000000,19.497324,20.548128,0.122518,103.598912
0.000000,0.000000,69.917692,4.332068,0.000000,9.745533,8.759765,0.111036,97.621287
0.000000,0.000000,77.770503,3.695389,0.000000,32.907080,17.836359,0.120276,105.737335
0.000000,0.000000,71.511936,3.805388,0.000000,11.526052,8.804116,0.126814,77.382877
0.000000,0.000000,69.291643,3.593039,0.000000,24.587514,0.062573,0.106870,120.993350
0.000000,0.000000,68.559317,3.967923,0.000000,24.941382,0.050907,0.103647,111.871645
0.000000,0.000000,85.848719,4.715138,0.000000,19.785692,0.045130,0.123498,132.515865
0.000000,0.000000,104.484404,6.610915,0.000000,20.411760,0.052870,1.010823,159.511781
0.000000,0.000000,81.352634,4.817249,0.000000,20.566888,0.048888,0.722401,126.667460
0.000000,0.000000,97.124773,3.387373,0.000000,21.021883,0.048944,0.791714,143.170574
0.000000,0.000000,105.221396,7.748552,0.000000,21.785246,0.055980,0.727326,134.530123
0.000000,0.000000,89.126057,3.856294,0.000000,20.979662,0.039296,0.964564,146.058156
0.000000,0.000000,98.216800,4.448197,0.000000,20.575758,0.043037,0.966379,125.263549
0.000000,0.000000,74.259224,3.698019,0.000000,20.319464,0.041370,0.920954,104.986510
0.000000,0.000000,75.090937,3.813462,0.000000,20.522166,0.044147,0.648012,106.419440
0.000000,0.000000,81.714167,4.036775,0.000000,23.792819,0.049110,0.854122,107.876796
0.000000,0.000000,83.324651,3.418799,0.000000,28.280348,11.315795,0.764548,111.469538
0.000000,0.000000,83.161838,3.532594,0.000000,10.707727,13.941676,0.964231,109.656723
0.000000,0.000000,77.482191,3.856998,0.000000,8.509304,14.681317,0.958731,104.557774
0.000000,0.000000,76.540479,4.104014,0.000000,21.676265,26.463385,0.788103,104.714421
0.000000,0.000000,70.075321,3.805702,0.000000,28.854509,13.301868,0.102591,97.069738
0.000000,0.000000,80.111166,3.864424,0.000000,14.567559,20.671628,0.803085,108.564326
0.000000,0.000000,85.930700,4.132496,0.000000,22.493961,25.971056,0.092685,112.791840
0.000000,0.000000,80.965694,3.987015,0.000000,22.123187,31.780147,0.103851,108.224608
0.000000,0.000000,70.675000,4.300995,0.000000,18.031709,24.537237,0.108147,100.359056
0.000000,0.000000,84.170533,6.641305,0.000000,26.594531,24.085483,0.092037,94.087470
0.000000,0.000000,74.392945,3.906072,0.000000,13.794011,20.637795,0.156461,121.217608
0.000000,0.000000,73.322696,3.490484,0.000000,16.916517,27.881537,0.092333,104.206314
0.000000,0.000000,77.102325,4.448882,0.000000,10.724819,19.936283,0.150554,107.526263
0.000000,0.000000,96.040636,3.666371,0.000000,8.775209,11.407072,0.108221,150.480520
0.000000,0.000000,91.687236,5.890238,0.000000,4.421604,9.452350,0.104351,143.216556
0.000000,0.000000,117.354999,11.480719,0.000000,7.099522,9.835754,0.126388,167.158707
0.000000,0.000000,83.711112,8.129104,0.000000,22.480851,0.057351,0.110128,143.783199
0.000000,0.000000,86.969486,4.108977,0.000000,21.699266,0.044537,0.096148,147.551439
0.000000,0.000000,86.310937,4.477418,0.000000,22.125132,0.041648,0.104203,136.607492
0.000000,0.000000,91.874604,5.082709,0.000000,21.423287,0.049463,0.083407,150.779221
0.000000,0.000000,83.904072,4.205273,0.000000,22.049411,0.042018,0.808381,126.151263
0.000000,0.000000,103.238936,3.440318,0.000000,22.952845,0.049296,0.068684,154.601387
0.000000,0.000000,101.271992,3.859702,0.000000,23.605339,0.042630,0.068647,138.850118
0.000000,0.000000,100.874923,2.918379,0.000000,22.915735,0.037889,0.107259,126.838738
0.000000,0.000000,99.664860,3.846628,0.000000,21.382028,0.049944,0.118888,120.602855
0.000000,0.000000,83.456892,4.859507,0.000000,22.489332,0.035703,0.061018,108.045906
0.000000,0.000000,74.896459,4.106126,0.000000,23.397304,0.044166,0.057277,104.639143
0.000000,0.000000,77.354453,4.077201,0.000000,20.400686,0.042222,0.114925,105.623098
0.000000,0.000000,79.552653,4.159218,0.000000,21.455324,0.049166,0.068500,108.067406
0.000000,0.000000,79.873168,3.714260,0.000000,22.478110,0.013000,0.115351,107.454561
0.000000,0.000000,82.637474,3.724963,0.000000,19.953876,0.015000,0.089851,110.520715
0.000000,0.000000,81.174766,8.218696,0.000000,21.760784,0.038389,0.097758,116.959095
0.000000,0.000000,69.244533,4.031812,0.000000,21.472824,0.016333,0.072425,100.305169
0.000000,0.000000,76.017855,3.946405,0.000000,21.577581,0.016463,0.069666,105.376044
0.000000,0.000000,71.794137,4.355512,0.000000,20.414130,0.015462,0.063166,100.335706
0.000000,0.000000,79.399247,4.819878,0.000000,26.741660,14.469134,0.070851,109.767463
0.000000,0.000000,72.629445,4.351938,0.000000,11.682199,12.741262,0.075462,102.753403
0.000000,0.000000,79.564264,4.634416,0.000000,30.035405,25.677485,0.069221,107.275581
0.000000,0.000000,0.000000,0.000000,0.000000,24.622681,27.665744,0.069388,105.837762
0.000000,0.000000,88.180622,4.584677,0.000000,24.519590,25.624060,0.057166,94.942759
0.000000,0.000000,75.483324,4.994803,0.000000,19.900265,25.587393,0.086370,104.012207
0.000000,0.000000,80.513328,4.990562,0.000000,16.698871,17.631676,0.074240,88.381529
0.000000,0.000000,75.707136,4.517993,0.000000,23.580525,21.391861,0.069518,101.268567
0.000000,0.000000,81.012509,2.511289,0.000000,20.460686,23.593451,0.089740,85.485224
0.000000,0.000000,94.673540,5.068024,0.000000,24.344462,27.798779,0.067037,122.948740
0.000000,0.000000,72.401354,4.733953,0.000000,21.945041,31.893072,0.064592,79.200564
0.000000,0.000000,78.048372,5.122505,0.000000,22.430777,23.714561,0.083796,105.846577
0.000000,0.000000,84.458382,4.601695,0.000000,16.375671,23.077770,0.068055,91.683162
0.000000,0.000000,78.574329,4.901044,0.000000,22.850791,26.782363,0.069944,106.204814
0.000000,0.000000,89.360611,4.400271,0.000000,22.777681,27.505579,0.091870,95.655771
0.000000,0.000000,70.565001,4.538585,0.000000,16.086192,19.029070,0.087128,96.608132
0.000000,0.000000,76.259686,3.671427,0.000000,19.442751,20.011523,0.100685,81.856853
0.000000,0.000000,84.201959,3.176264,0.000000,22.275372,29.476485,0.066666,131.068512
0.000000,0.000000,77.203251,3.806925,0.000000,16.924535,20.575870,0.060555,108.252720
0.000000,0.000000,70.420355,4.455234,0.000000,19.674137,23.755763,0.099702,132.255018
0.000000,0.000000,81.104971,4.372456,0.000000,18.907108,21.657951,0.075296,139.601630
0.000000,0.000000,84.126219,3.224060,0.000000,16.774333,22.736497,0.071981,139.313800
0.000000,0.000000,75.844135,3.318782,0.000000,16.022415,28.035333,0.073148,126.916497
0.000000,0.000000,70.723112,3.652612,0.000000,18.287319,21.285992,0.081611,110.346422
0.000000,0.000000,66.960112,3.395022,0.000000,18.600723,21.513249,0.084425,116.849801
0.000000,0.000000,70.728167,3.787499,0.000000,19.983320,22.162335,0.064962,120.366748
0.000000,0.000000,72.209689,7.787071,0.000000,18.748277,27.324821,0.082240,134.010575
0.000000,0.000000,83.064897,4.491714,0.000000,16.258117,25.170472,0.099407,143.276408
0.000000,0.000000,72.474687,3.630075,0.000000,20.306465,23.024864,0.087573,123.902398
0.000000,0.000000,78.562626,3.526113,0.000000,20.158966,19.640990,0.064629,123.603882
0.000000,0.000000,76.402907,5.335336,0.000000,18.496039,21.989263,0.003055,133.163972
0.000000,0.000000,73.349808,4.630010,0.000000,21.105050,22.355038,-0.274833,130.060263
0.000000,0.000000,67.640179,5.194207,0.000000,24.716050,20.929347,1.879136,109.476597
0.000000,0.000000,75.832172,3.390115,0.000000,22.869662,25.276897,0.000000,120.497154
0.000000,0.000000,77.291287,4.289624,0.000000,24.557441,20.805238,0.000000,135.519894
0.000000,0.000000,75.121549,3.496854,0.000000,19.001107,22.277779,0.000000,117.841606
0.000000,0.000000,84.404087,4.349457,0.000000,22.962957,24.002206,0.000000,133.865522
0.000000,0.000000,72.230374,3.123913,0.000000,18.227875,26.596625,0.000000,117.330000
0.000000,0.000000,74.541055,3.725481,0.000000,21.517675,23.016827,0.000000,119.750384
0.000000,0.000000,79.694356,3.360003,0.000000,20.294873,16.500040,0.000000,129.033199
0.000000,0.000000,75.398232,3.580761,0.000000,20.190485,21.524009,0.000000,120.211472
0.000000,0.000000,80.768067,3.356041,0.000000,23.316842,29.257728,2.447652,126.235041
0.000000,0.000000,84.899008,3.126654,0.000000,16.005230,16.903184,0.000000,131.749413
0.000000,0.000000,81.620522,3.944331,0.000000,21.723025,24.175593,0.000000,133.594783
0.000000,0.000000,71.479475,3.952516,0.000000,16.892833,24.730717,0.000000,118.776819
0.000000,0.000000,75.187772,3.109969,0.000000,18.897516,19.311956,0.000000,123.755770
0.000000,0.000000,86.125625,3.443410,0.000000,21.220086,31.508983,0.000000,131.040587
0.000000,0.000000,83.301635,3.311097,0.000000,0.000000,0.000000,0.000000,128.981144
0.000000,0.000000,68.980499,4.953932,0.000000,0.000000,0.000000,0.000000,119.545886
0.000000,0.000000,74.865405,3.233690,0.000000,0.000000,0.000000,0.000000,126.237505
0.000000,0.000000,84.520086,3.377485,0.000000,0.000000,0.000000,0.000000,137.859297
0.000000,0.000000,85.428706,4.083163,0.000000,0.000000,216.000000,0.000000,136.631568
0.000000,0.000000,75.692729,4.003331,0.000000,0.000000,0.000000,0.000000,123.071055
0.000000,0.000000,75.661137,3.215597,0.000000,0.000000,0.000000,0.000000,127.825878
0.000000,0.000000,75.888802,3.243727,0.000000,0.000000,0.000000,0.000000,125.688177
0.000000,0.000000,68.301081,3.650908,0.000000,0.000000,0.000000,0.000000,118.486305
0.000000,0.000000,74.713610,3.800851,0.000000,0.000000,0.000000,0.000000,117.054337
0.000000,0.000000,76.203465,3.509132,0.000000,0.000000,0.000000,0.000000,124.169784
0.000000,0.000000,75.184364,3.703482,0.000000,0.000000,0.000000,0.000000,133.439619
0.000000,0.000000,68.699558,3.337207,0.000000,0.000000,0.000000,0.000000,106.751421
0.000000,0.000000,82.615494,3.664612,0.000000,0.000000,0.000000,0.000000,134.121186
0.000000,0.000000,83.358690,3.247560,0.000000,0.000000,0.000000,0.000000,130.246243
0.000000,0.000000,73.146736,3.306874,0.000000,0.000000,0.000000,0.000000,116.455603
0.000000,0.000000,85.638519,3.366485,0.000000,0.000000,0.000000,0.000000,143.393168
